time,ax (m/s^2),ay (m/s^2),az (m/s^2),aT (m/s^2)
0.003047,0.2492,0.0525,-0.1052,0.276
0.014158,-0.0014,-0.2424,-0.0547,0.249
0.022311,-0.0205,-0.2505,-0.0176,0.252
0.038796,-0.0259,-0.2576,0.0190,0.260
0.042734,-0.0306,-0.2764,0.0532,0.283
0.052993,-0.0209,-0.2920,0.0848,0.305
0.062891,0.0171,-0.3033,0.1000,0.320
0.072658,0.0560,-0.3101,0.1266,0.340
0.087358,0.0820,-0.3126,0.1379,0.351
0.093465,0.1091,-0.5423,0.1601,0.576
0.101682,0.1238,-0.5227,0.1642,0.562
0.121648,0.1266,-0.4999,0.4614,0.692
0.122163,0.1035,-0.4746,0.4531,0.664
0.133549,0.0814,-0.4755,0.4540,0.662
0.153287,-0.3485,-0.8557,0.4379,1.022
0.154070,-0.3420,-0.8382,0.4196,0.998
0.169461,-0.3350,-0.8312,0.3996,0.981
0.173157,-0.3277,-1.0648,0.3786,1.177
0.186610,-0.3200,-1.0073,0.3703,1.120
0.221547,-0.2713,-0.9586,0.3614,1.060
0.222168,0.9080,-0.9190,0.3524,1.339
0.222700,0.9020,-0.8635,0.3162,1.288
0.223058,0.9093,-0.4141,0.2935,1.041
0.234014,0.9292,1.1702,0.2576,1.516
0.252004,0.9346,1.2057,0.2234,1.542
0.252818,0.3671,1.2334,0.1777,1.299
0.266643,0.3708,1.2565,0.1482,1.318
0.282635,0.3735,1.2658,0.1214,1.325
0.283330,0.3344,0.9207,0.0971,0.984
0.307392,0.2941,0.5433,0.0887,0.624
0.307946,-0.1421,0.0556,0.0819,0.173
0.314915,-0.1160,-0.0042,0.0899,0.147
0.323139,-0.0768,-0.0545,0.0983,0.136
0.332071,-0.0381,-0.1338,0.1071,0.176
0.344109,-0.0268,-0.1981,0.1164,0.231
0.352925,-0.0150,-0.2522,0.1252,0.282
0.369622,-0.0161,-0.2957,0.1329,0.325
0.371642,-0.0165,-0.3172,0.1669,0.359
0.383786,-0.0029,-0.3480,0.1867,0.395
0.393568,-0.0023,-0.3720,0.1924,0.419
0.402108,0.0128,-0.3827,0.2117,0.438
0.413418,0.0018,-0.3655,0.2179,0.426
0.423574,0.0048,-0.3537,0.2111,0.412
0.432546,-0.0194,-0.3123,0.1907,0.366
0.444994,-0.0436,-0.2714,-0.0751,0.285
0.454411,-0.0680,-0.2187,-0.1232,0.260
0.462162,-0.0792,-0.1682,-0.4018,0.443
0.462850,-0.0792,-0.1682,-0.4018,0.443
0.472321,-0.1043,-0.1065,-0.4205,0.446
0.481797,-0.1161,-0.0744,-0.4251,0.447
0.498435,-0.1011,-0.0445,-0.4417,0.455
0.502412,-0.0732,-0.0301,-0.4409,0.448
0.513466,-0.0601,-0.0172,-0.4201,0.425
0.524993,-0.0346,-0.0054,-0.3918,0.393
0.531595,-0.0240,-0.0221,-0.3300,0.332
0.542803,0.0273,-0.3126,0.0461,0.317
0.554038,0.0513,-0.3181,0.0947,0.336
0.562078,0.0894,-0.3107,0.3579,0.482
0.572264,0.1144,-0.3176,0.3998,0.523
0.581948,0.1535,-0.3116,0.4249,0.549
0.601838,0.1929,-0.3190,0.4622,0.594
0.602525,0.2193,-0.2847,0.4822,0.601
0.611899,0.2471,-0.2486,0.4948,0.606
0.622534,0.2495,-0.1827,0.4841,0.574
0.631853,0.2536,-0.1415,0.4776,0.559
0.644251,0.2450,-0.0989,0.4387,0.512
0.653020,0.2505,-0.0557,0.3964,0.472
0.662377,0.2288,-0.0269,0.3532,0.422
0.672423,-0.1471,0.0004,0.3098,0.343
0.681753,-0.1694,0.0259,0.2542,0.307
0.700841,-0.1785,0.0363,0.2009,0.271
0.701661,-0.2018,0.0590,0.1502,0.258
0.713070,-0.2120,0.0797,0.1157,0.254
0.723215,-0.2091,0.0977,0.0835,0.245
0.733706,-0.1793,0.1264,0.0531,0.226
0.742221,-0.1498,0.1521,0.0375,0.217
0.753769,-0.1205,0.1619,0.0089,0.202
0.762994,-0.1051,0.1700,-0.0043,0.200
0.771865,-0.0901,0.1771,-0.0154,0.199
0.782282,-0.0619,0.1833,-0.0239,0.195
0.800701,-0.0341,0.1617,-0.0705,0.180
0.801880,-0.0204,0.1261,-0.1005,0.163
0.812136,-0.0070,0.0903,-0.1281,0.157
0.822262,0.0061,0.0681,-0.1535,0.168
0.832446,0.0189,0.0463,-0.1772,0.184
0.841803,0.0587,0.0250,-0.2131,0.222
0.853229,0.0846,0.0179,-0.4914,0.499
0.862836,0.1100,0.0115,-0.4804,0.493
0.872452,0.1350,-0.0079,-0.4665,0.486
0.882544,0.1460,-0.0129,-0.4498,0.473
0.901779,0.1702,-0.0174,-0.4305,0.463
0.902505,0.1804,-0.0486,-0.3818,0.425
0.913007,0.1904,-0.3508,-0.3451,0.528
0.922190,0.2002,-0.3375,-0.2936,0.490
0.931705,0.1964,-0.3345,-0.2281,0.450
0.943312,0.2064,-0.3279,-0.1765,0.426
0.953207,0.2029,-0.3179,-0.1390,0.402
0.962423,0.2133,-0.3185,-0.0889,0.393
0.975993,0.2103,-0.3031,-0.0544,0.373
0.982465,0.2078,-0.2723,-0.0221,0.343
1.001131,0.2191,-0.2405,0.0219,0.326
1.002566,0.2443,-0.2081,0.0645,0.327
1.013427,0.7328,-0.1755,0.0918,0.759
1.022514,0.7178,-0.1430,0.1031,0.739
1.031853,0.7167,-0.0984,0.1250,0.734
1.043385,0.7162,-0.0693,0.1303,0.731
1.052839,0.7162,-0.0421,0.4179,0.830
1.064280,0.3628,-0.0166,0.4155,0.552
1.073051,0.3232,0.0075,0.4095,0.522
1.082103,0.2978,-0.6911,0.4005,0.852
1.102838,0.2725,-0.6819,0.1181,0.744
1.103740,0.0020,-0.6717,0.0807,0.676
1.114080,-0.5408,-0.6589,0.0570,0.854
1.122842,-0.5389,-0.6421,0.0339,0.839
1.132043,-0.5372,0.3430,-0.0020,0.637
1.143291,-0.5358,1.2424,-0.6769,1.513
1.152873,-0.1531,1.2635,-1.1604,1.722
1.162087,-0.1526,1.2649,-1.1634,1.725
1.172285,-0.1535,1.2587,-1.1583,1.717
1.181737,-0.1562,1.2314,-1.1440,1.688
1.202634,-0.1603,0.5875,-1.1211,1.276
1.203372,0.2147,0.1038,-1.0325,1.060
1.213615,0.2336,-0.1661,-0.6892,0.746
1.222072,0.2783,-0.2080,-0.6254,0.715
1.231544,0.2944,-0.2662,-0.5576,0.684
1.243579,0.3234,-0.3395,-0.4880,0.677
1.252161,0.3382,-0.4103,-0.4177,0.676
1.262711,0.3533,-0.4752,-0.3360,0.681
1.272300,0.3555,-0.5482,-0.2451,0.698
1.285508,0.3725,-0.8595,0.1400,0.947
1.302652,0.3780,-0.8543,0.2043,0.956
1.303391,0.3861,-0.8319,0.5317,1.060
1.314002,0.3825,-0.7996,0.5657,1.051
1.330011,0.3934,-0.7571,0.5825,1.033
1.331977,0.3787,-0.6681,0.5785,0.961
1.343275,0.1071,-0.5775,0.5788,0.825
1.353072,0.0964,-0.5147,0.5558,0.764
1.361502,0.1009,-0.4398,0.5108,0.682
1.372410,0.1067,-0.3806,0.4729,0.616
1.382099,0.1132,-0.3646,0.4439,0.585
1.401215,0.1202,-0.8261,0.3982,0.925
1.401828,0.1678,-1.1508,0.3930,1.228
1.411204,0.2013,-1.1606,0.3883,1.240
1.421913,0.2341,-1.1540,0.3719,1.235
1.433314,0.2523,-1.1304,0.3577,1.212
1.444095,0.2696,-1.1031,0.3456,1.187
1.452524,0.2588,-1.0585,0.3354,1.140
1.463304,0.2606,-1.0102,0.3136,1.089
1.471884,0.2479,-0.9586,0.2936,1.033
1.481907,0.2477,-0.8905,0.2753,0.964
1.498285,0.2193,-0.8063,0.2585,0.875
1.502212,0.1901,-0.7202,0.2565,0.788
1.511340,0.1602,-0.5954,0.2417,0.662
1.521805,0.1168,-0.2460,0.2408,0.363
1.533227,0.0872,-0.1764,0.2399,0.310
1.542821,0.0716,-0.0865,0.2253,0.252
1.552158,0.0564,-0.0164,0.2108,0.219
1.561972,0.0141,0.0491,0.1967,0.203
1.575620,-0.0141,0.0950,0.1830,0.207
1.582392,-0.0416,0.1462,0.1699,0.228
1.601656,-0.0546,0.1469,0.1574,0.222
1.602561,-0.0668,0.1259,0.1454,0.204
1.614639,-0.4326,-0.1719,0.1610,0.493
1.625597,-0.4441,-0.1593,0.1902,0.509
1.632119,-0.4553,-0.1621,0.2058,0.525
1.642673,-0.4938,-0.1650,0.2213,0.566
1.652936,-0.9408,-0.1815,0.2360,0.987
1.662964,-1.2649,0.1011,0.2496,1.293
1.671884,-1.3163,0.1105,0.2616,1.347
1.681866,-1.7759,0.1053,0.2581,1.798
1.701576,-2.0443,0.0990,0.2524,2.062
1.702449,-2.5847,0.0916,0.2444,2.598
1.712393,-3.2609,-0.3251,0.2471,3.286
1.722377,-4.0182,-0.3862,0.2450,4.044
1.731957,-4.6252,-0.4189,0.2245,4.650
1.742985,-4.9318,-0.4518,0.5526,4.983
1.753048,-4.9382,-0.4853,0.5362,4.991
1.762684,-4.9308,-0.5188,0.8429,5.029
1.775958,-4.9094,-0.5115,1.0645,5.050
1.782401,-4.9013,-0.0011,1.4990,5.125
1.800528,-4.5249,0.5069,1.4385,4.775
1.801589,-3.8351,1.2427,1.3767,4.260
1.813147,-2.9547,2.1926,1.3156,3.907
1.822708,-2.0856,3.2739,1.2461,4.077
1.832627,-1.0903,4.2921,1.1520,4.576
1.843809,-0.1352,4.7939,0.4882,4.821
1.852557,0.6969,4.6837,-0.4941,4.761
1.863007,1.3908,4.5330,-1.4320,4.953
1.872296,1.4281,4.3550,-1.4812,4.817
1.881657,1.4611,4.1361,-1.4971,4.635
1.902876,1.4880,3.3625,-1.5043,3.973
1.906136,1.4935,2.2489,-1.4714,3.075
1.915382,1.4910,0.9033,-1.4132,2.244
1.923007,0.7873,-0.3054,-0.9572,1.276
1.933629,0.2436,-1.3787,-0.8672,1.647
1.942346,-0.0968,-2.2966,-0.7881,2.430
1.952719,-0.1206,-2.4134,-0.6903,2.513
1.963111,-0.1388,-2.4747,-0.5915,2.548
1.972411,-0.1505,-2.4747,-0.5276,2.535
1.982161,-0.1557,-2.4457,-0.7878,2.574
1.998602,-0.1550,-2.3605,-0.7433,2.480
2.002045,0.2162,-1.6619,-0.9491,1.926
2.012232,0.7783,-1.0044,-1.1317,1.702
2.022942,1.4350,-0.1768,-1.4820,2.070
2.033116,2.0353,-0.0473,-1.6854,2.643
2.042968,2.0470,0.0709,-1.6159,2.609
2.053286,2.4764,0.1740,-1.5626,2.933
2.062462,2.4633,0.2555,-1.4742,2.882
2.076034,2.4576,-0.0661,-1.3669,2.813
2.082436,2.4770,-0.3458,-0.5917,2.570
2.101819,2.5082,-0.3073,-0.4835,2.573
2.102591,2.5233,-0.2819,-0.3726,2.566
2.113265,2.5350,-0.2730,-0.2551,2.562
2.122581,2.5444,-0.2727,-0.1358,2.563
2.132415,2.5528,-0.2613,-0.0735,2.567
2.143150,2.5474,0.1440,-0.4245,2.587
2.153463,2.5425,0.1541,-0.6049,2.618
2.162274,2.5384,1.0344,-0.5466,2.795
2.172104,2.4946,1.0540,-0.4954,2.753
2.181878,2.4517,1.0559,-0.4505,2.707
2.201741,2.4231,1.0516,-0.6283,2.715
2.202468,2.3803,1.0379,-0.5489,2.654
2.213058,2.3220,0.9995,-0.4952,2.576
2.225195,2.2746,0.9357,-0.4246,2.496
2.232539,2.2102,0.8468,-0.3499,2.393
2.242311,2.1555,0.7497,-0.5971,2.359
2.253902,2.0967,0.6475,-0.5396,2.260
2.262154,1.5038,0.5442,-0.4531,1.662
2.275290,0.8687,0.4410,-0.3951,1.051
2.282437,0.1930,0.0722,-0.6677,0.699
2.301731,-0.4356,-0.3660,-0.5870,0.817
2.302526,-0.9874,-0.8927,-0.4955,1.420
2.313541,-1.5838,-0.9072,-0.4345,1.876
2.325999,-1.9954,-0.9068,-0.3867,2.226
2.332461,-2.0470,-0.8956,-0.4034,2.270
2.344061,-2.4190,-0.8709,-0.6620,2.655
2.353412,-2.4582,-0.4002,-0.6583,2.576
2.362893,-2.7385,0.7072,-0.6637,2.905
2.372441,-3.3420,2.0620,-0.6653,3.983
2.382447,-3.3296,2.6372,-0.6764,4.301
2.402467,-3.3160,2.6408,-0.6925,4.295
2.403337,-3.3019,2.6222,-0.7118,4.276
2.413703,-3.2876,2.5929,-0.7477,4.253
2.423021,-0.9849,2.5349,1.3235,3.024
2.432410,0.5550,1.1034,1.6341,2.048
2.443135,0.5697,1.0307,1.5845,1.974
2.453975,0.5842,0.9403,1.5282,1.887
2.462712,0.5979,0.8401,1.4679,1.794
2.473130,0.6103,0.7367,1.4058,1.700
2.482147,-0.7405,0.9222,0.9353,1.508
2.503225,-0.7426,0.8276,0.8711,1.413
2.503885,-0.7429,0.7403,0.8021,1.320
2.514106,-0.7402,0.6632,0.7273,1.231
2.522647,-0.7230,0.5960,0.6518,1.141
2.532449,-0.7194,0.5364,0.5907,1.074
2.543780,0.5352,0.1011,0.5492,0.773
2.553468,0.9846,-0.3404,0.8545,1.347
2.562470,0.9841,-0.6621,1.0429,1.579
2.576969,0.9977,-0.9982,1.0186,1.740
2.582437,1.0257,-1.0080,1.0126,1.759
2.602493,1.0411,-1.0059,0.9970,1.758
2.603278,0.6352,-0.9927,0.9848,1.536
2.613322,0.6526,-0.9697,0.9753,1.522
2.622308,0.6710,-0.8981,1.1848,1.631
2.632771,0.6906,-0.8206,1.2029,1.612
2.641794,0.7115,-0.7658,1.2053,1.595
2.653613,0.7744,-0.6937,1.2047,1.591
2.662992,1.2201,-0.6334,1.1858,1.816
2.672525,1.2853,-0.5865,1.1624,1.830
2.682209,1.7864,-0.7992,1.1365,2.263
2.701639,2.0687,-0.7962,1.1101,2.479
2.702599,2.0917,-1.1758,1.3687,2.762
2.713330,2.1146,-1.4728,1.3405,2.905
2.723084,2.1373,-1.6712,1.3122,3.014
2.732878,2.1602,-1.6335,1.2840,2.997
2.743154,2.1421,-1.8475,1.2438,3.090
2.751912,1.4431,-1.7935,1.2461,2.618
2.762782,0.8810,-1.9594,1.4529,2.594
2.775715,0.4152,-2.1245,1.4137,2.585
2.782432,0.4266,-2.0162,1.3597,2.469
2.801543,0.4380,-1.8951,1.2768,2.327
2.802662,0.4350,-1.7654,0.9745,2.063
2.813508,0.4307,-1.6302,0.9282,1.925
2.826216,0.1795,-1.5081,0.8655,1.748
2.832794,0.1981,-1.3899,0.5035,1.491
2.843047,0.2139,-1.2784,0.4025,1.357
2.853622,0.2129,-1.1750,-0.5780,1.327
2.862582,0.2087,-1.0670,-0.6244,1.254
2.872765,0.2019,-0.9946,-0.6778,1.220
2.881949,0.2067,-0.9299,-0.7254,1.197
2.902757,0.1814,-1.0902,-0.7749,1.350
2.903449,-0.1741,-1.0256,-0.8082,1.317
2.912915,-0.1925,-0.9530,-0.8239,1.274
2.923646,-0.2003,-0.8992,-0.8109,1.227
2.939068,-0.1967,-0.8364,-0.7863,1.165
2.942326,-0.7534,-0.7911,-0.7129,1.305
2.951495,-1.3378,-0.7634,-0.1350,1.546
2.962741,-1.9219,-0.7397,-0.0776,2.061
2.972026,-2.4364,-0.7199,-0.0424,2.541
2.982634,-3.0441,-0.6880,-0.0183,3.121
3.003048,-3.6759,-0.6588,0.2348,3.742
3.003860,-4.1681,-0.0256,0.2287,4.174
3.012433,-4.4804,0.5409,0.2139,4.518
3.022906,-4.4768,1.0809,0.2056,4.610
3.038866,-4.4700,1.6167,0.1751,4.757
3.043365,-4.4588,1.6312,1.1783,4.892
3.051701,-4.4448,1.9311,1.1356,4.977
3.062908,-4.3882,2.1921,1.0727,5.021
3.073051,-3.2419,2.7017,1.0226,4.342
3.083179,-2.4357,3.2780,0.9579,4.195
3.093260,-1.9006,3.7410,0.8884,4.289
3.102089,-1.4893,3.8688,0.3044,4.157
3.119340,-1.0260,3.7319,0.2162,3.876
3.126687,-0.3484,3.5660,-0.1642,3.587
3.131661,0.3656,3.3874,-0.4672,3.439
3.142897,0.8703,3.1854,-0.5434,3.347
3.153295,0.8660,2.9497,-0.6113,3.134
3.162622,0.8556,2.0856,-0.6630,2.350
3.172509,0.8397,1.1175,-0.6857,1.557
3.182332,0.8198,0.0670,-0.6817,1.068
3.202191,0.5531,-0.8663,-0.6838,1.234
3.202726,0.5182,-1.7316,-0.6519,1.921
3.213572,0.4994,-1.8210,-0.6079,1.984
3.222312,0.4850,-1.8682,-0.5565,2.009
3.233895,0.4879,-1.8872,-0.5033,2.013
3.243413,0.4940,-1.8846,-0.4514,2.000
3.252967,1.1174,-1.8364,-0.7516,2.277
3.263392,1.7446,-1.3298,-0.9370,2.385
3.272350,2.1004,-0.8340,-0.8613,2.418
3.282176,2.3616,-0.7335,-0.8005,2.599
3.301869,2.3907,-0.6271,-0.7413,2.580
3.302355,2.4317,-0.5229,-0.6962,2.583
3.313580,2.7017,-0.4269,-0.5947,2.799
3.326140,2.7368,-0.3433,-0.4881,2.801
3.333066,3.1763,-0.3009,-0.3866,3.214
3.343151,3.2033,-0.2600,-0.2770,3.226
3.353993,3.4446,-0.2196,-0.1738,3.456
3.362910,3.4237,-0.2054,-0.0644,3.430
3.363628,3.4237,-0.2054,-0.0644,3.430
3.372310,3.4003,0.0978,-0.3878,3.424
3.381646,3.3753,0.1630,-0.8061,3.474
3.402407,3.0488,0.9816,-1.0064,3.357
3.403126,3.0199,0.9987,-0.9331,3.315
3.413625,2.9609,1.0035,-0.8706,3.245
3.422885,2.8844,0.9962,-1.0206,3.218
3.432012,2.5720,0.9644,-0.9464,2.905
3.441592,2.5135,0.8962,-0.8516,2.801
3.453506,2.4356,0.8213,-1.1572,2.819
3.462674,1.9304,0.3353,-1.0206,2.209
3.475965,1.5848,-0.1078,-0.9082,1.830
3.482276,1.0604,-0.5180,-0.7837,1.417
3.502056,0.2391,-0.9048,-0.9557,1.338
3.502642,-0.7652,-0.9220,-0.8740,1.483
3.512253,-1.6780,-0.9302,-1.0704,2.197
3.525576,-1.7521,-0.9357,-1.0366,2.241
3.532335,-1.8071,-0.9158,-1.3399,2.429
3.543006,-1.8700,-0.5580,-1.3267,2.360
3.552612,-2.1465,0.2549,-1.5947,2.686
3.562575,-2.1759,1.0372,-1.8545,3.041
3.575645,-2.2167,1.7168,-1.8487,3.358
3.582401,-2.4738,1.7602,-1.8349,3.548
3.602498,-3.3823,1.7896,-1.8289,4.241
3.603460,-3.3910,1.7931,-1.8275,4.249
3.613023,-3.3991,1.7869,-1.8292,4.254
3.622983,-3.4068,1.7735,-1.8198,4.250
3.631680,-3.4135,1.1564,-1.1054,3.770
3.643730,-1.8394,0.6281,0.9677,2.171
3.652163,-0.1398,0.1610,2.6109,2.620
3.662398,-0.1456,0.1017,2.8530,2.859
3.672031,-0.1283,0.0416,2.8025,2.806
3.681876,-0.1026,-0.0112,2.7490,2.751
3.702921,-0.0692,-0.0529,2.6674,2.669
3.703718,-0.3953,0.2148,2.5825,2.621
3.712266,-0.3601,0.2183,2.4680,2.504
3.722407,-0.3193,0.2294,2.3250,2.358
3.732653,-0.2744,0.2476,1.7612,1.800
3.742588,-0.2296,0.2710,0.9748,1.037
3.753960,-0.1735,0.2814,0.8280,0.892
3.761785,-0.1224,0.2899,0.6458,0.718
3.775119,0.3834,-0.0446,0.2753,0.474
3.781692,1.0039,-0.3265,0.1676,1.069
3.802826,1.0732,-0.3778,0.0752,1.140
3.803484,1.1244,-0.6742,-0.0064,1.311
3.813016,1.1565,-0.9550,-0.0711,1.502
3.825601,1.1819,-1.3081,-0.0962,1.766
3.832849,1.2028,-1.3519,0.3752,1.848
3.843406,0.9339,-1.6863,0.4143,1.972
3.852804,0.9365,-1.6964,0.7341,2.072
3.862660,0.9407,-1.6781,0.7558,2.067
3.872249,0.9468,-1.6434,0.7643,2.045
3.881852,0.9549,-1.5922,0.8124,2.027
3.903650,1.0055,-1.5141,0.8309,1.998
3.904275,1.4106,-1.4137,0.8619,2.175
3.912974,1.4341,-1.2673,0.8778,2.106
3.922880,1.4584,-0.8761,0.8870,1.919
3.932943,1.4842,-0.7610,0.8726,1.882
3.943456,1.5117,-0.6524,0.8607,1.858
3.951986,1.5264,-0.5645,0.8272,1.826
3.962461,1.5138,-0.4850,0.7894,1.775
3.972612,1.2141,-0.4003,0.7649,1.490
3.982169,1.1991,-0.3914,0.7556,1.470
4.003298,1.1964,-1.0289,0.7347,1.741
4.004062,1.1790,-1.3580,0.7431,1.946
4.012733,1.1334,-1.3491,0.7533,1.916
4.022496,1.1010,-1.3266,0.9954,1.991
4.037720,0.8640,-1.3014,0.9784,1.843
4.044280,0.8445,-1.2700,0.9477,1.796
4.052357,0.8109,-1.2300,0.8763,1.714
4.063258,0.3405,-1.1801,0.8185,1.476
4.072287,0.0333,-1.1237,0.7450,1.349
4.081885,-0.2874,-1.0515,0.6669,1.278
4.102765,-0.7443,-0.9791,0.3942,1.292
4.103496,-0.7523,-0.9077,0.3376,1.226
4.113010,-0.7336,-0.8271,0.2671,1.137
4.122554,-0.7290,-0.7667,0.1834,1.074
4.131967,-0.7385,-0.6999,0.1007,1.022
4.143117,-0.7482,-0.6401,0.0328,0.985
4.153844,-0.7584,-0.6002,-0.0333,0.968
4.161947,-0.7690,-0.5525,-0.0827,0.951
4.172379,-0.7668,-0.5103,-0.1004,0.927
4.181899,-1.2966,-0.4596,-0.1127,1.380
4.202494,-2.0177,-0.4141,-0.1200,2.063
4.203323,-2.9842,-0.3739,-0.1373,3.011
4.212731,-4.0187,-0.3385,-0.0990,4.034
4.222151,-4.0309,-0.3077,0.4010,4.062
4.232437,-4.0282,0.2480,0.3803,4.054
4.243277,-4.0237,0.9168,0.3555,4.142
4.252983,-4.0170,1.5176,0.3263,4.306
4.261617,-3.9662,1.7889,1.1329,4.496
4.271738,-3.6940,1.7597,1.7500,4.450
4.282281,-3.3108,1.7341,1.6903,4.102
4.301481,-2.6273,1.7031,1.6259,3.528
4.302718,-1.8483,2.0207,1.5578,3.151
4.312679,-1.1629,2.7713,1.4807,3.350
4.322223,-0.6662,3.6398,0.8225,3.791
4.332116,-0.6202,3.9149,0.3851,3.982
4.343765,-0.3048,3.7604,-0.2058,3.778
4.352651,0.0473,3.5891,-0.7837,3.674
4.362362,0.4352,3.4057,-1.4133,3.713
4.374964,0.4364,3.2146,-1.4419,3.550
4.382303,0.4320,1.9927,-1.4663,2.511
4.402985,0.4226,0.7400,-1.4702,1.699
4.403751,0.4223,-0.5515,-1.4383,1.597
4.412481,0.4329,-1.7783,-1.3871,2.296
4.422407,0.4289,-2.5937,-1.2938,2.930
4.432507,0.4252,-2.6496,-1.1575,2.922
4.441756,0.4240,-2.6698,-1.0353,2.895
4.460874,0.4258,-2.6614,-0.8950,2.840
4.462229,0.4574,-2.6031,-0.7824,2.756
4.472313,0.9812,-2.0411,-0.6600,2.359
4.481764,1.3019,-1.4855,-0.5990,2.064
4.495072,1.6641,-0.9226,-0.5441,1.979
4.502003,2.0121,-0.7403,-0.4810,2.197
4.512371,2.2633,-0.3115,-0.4242,2.324
4.521967,2.2812,-0.1635,-0.3720,2.317
4.531889,2.6514,-0.0440,-0.3231,2.671
4.542313,2.6523,0.0714,-0.2624,2.666
4.553297,2.6657,0.1638,-0.2157,2.679
4.562066,2.6917,0.2331,-0.1544,2.706
4.577335,2.7032,0.2828,-0.1049,2.720
4.581694,2.7140,0.3420,-0.0668,2.736
4.602788,2.9829,0.6591,-0.0269,3.055
4.603601,2.9518,0.9062,0.0134,3.088
4.613051,2.9342,1.1643,0.0394,3.157
4.622375,2.9166,1.4601,-0.2083,3.268
4.632382,2.8988,1.4154,-0.4575,3.258
4.642344,2.8526,1.3597,-0.7194,3.241
4.652728,2.1913,1.2960,-1.1545,2.795
4.661989,1.4442,1.2269,-1.4313,2.375
4.672344,0.6218,1.1554,-1.6630,2.118
4.682001,0.0788,1.0249,-1.5404,1.852
4.702946,0.0238,0.5027,-1.4585,1.543
4.703700,-0.0183,-0.1336,-1.3930,1.400
4.712947,-0.0878,-0.9065,-1.3439,1.623
4.722008,-0.1838,-0.9507,-1.5156,1.799
4.732758,-0.2657,-0.9728,-1.4298,1.750
4.743957,-0.3325,-0.9789,-1.7834,2.061
4.752845,-0.4108,-0.9732,-1.7068,2.007
4.761725,-0.8682,-0.0998,-1.6364,1.855
4.772651,-1.6632,1.5490,-1.5748,2.765
4.782182,-2.4005,2.7229,-1.5102,3.932
4.804292,-2.4673,2.7560,-1.4549,3.975
4.805227,-2.5308,2.7680,-1.4088,4.006
4.813235,-2.5789,2.7670,-1.3556,4.018
4.822100,-2.6264,2.7300,-1.2944,4.003
4.831935,-2.6580,2.6542,-0.5626,3.798
4.842747,-2.3719,2.5646,0.3874,3.515
4.852651,0.2324,1.2863,2.0779,2.455
4.862086,0.2405,0.2216,2.0655,2.091
4.871737,0.2582,0.0858,2.0415,2.060
4.882299,0.2693,-0.0512,1.9855,2.004
4.903393,0.2971,-0.4751,1.9236,2.004
4.904229,0.3178,-0.5665,1.8513,1.962
4.912608,-1.0127,-0.6311,1.7213,2.094
4.935329,-0.9777,-0.6630,0.9888,1.541
4.936301,-0.9417,-0.6837,0.5283,1.278
4.952667,-0.9037,-0.6478,0.4209,1.189
4.953576,-0.8629,-0.6018,0.3279,1.102
4.967500,0.1441,-0.5778,0.2286,0.638
4.973140,1.0510,-0.5485,0.1547,1.196
4.982918,1.4491,-0.5453,0.0924,1.551
4.999257,1.4751,-0.5292,0.3392,1.603
5.002721,1.4981,-1.0841,0.7704,2.003
5.034012,1.5316,-1.5138,1.1285,2.431
5.034869,1.5620,-1.4636,1.1275,2.419
5.035327,1.5894,-1.4107,1.3533,2.519
5.045230,1.6014,-1.3555,1.7067,2.705
5.053083,1.6268,-1.2985,1.7061,2.691
5.063536,1.6818,-0.9108,1.6851,2.549
5.071984,1.7398,-0.8053,1.6550,2.533
5.082530,1.7855,-0.6999,1.6189,2.510
5.102763,1.8312,-0.6096,1.5668,2.486
5.103528,1.8794,-0.5202,1.1234,2.250
5.112077,1.6444,-0.4312,1.0771,2.012
5.122199,1.6557,-0.3717,1.0099,1.975
5.132569,1.6662,-0.3172,0.9414,1.940
5.143537,1.6750,-0.5951,0.8748,1.981
5.152513,1.3818,-0.8233,0.8401,1.815
5.162362,1.3994,-0.8239,1.0428,1.930
5.172247,1.3877,-1.0721,1.0191,2.028
5.182294,1.3881,-1.0753,0.9997,2.021
5.203598,1.3872,-1.4429,0.9703,2.224
5.204798,0.7455,-1.6674,0.9434,2.056
5.213256,0.1032,-1.6504,0.8904,1.878
5.235927,0.1146,-2.0689,0.8368,2.235
5.237022,0.1121,-1.9685,0.7958,2.126
5.252659,0.0952,-1.8677,0.7131,2.001
5.253618,0.0770,-1.7556,0.6435,1.871
5.263457,0.0570,-1.6374,0.3428,1.674
5.273419,0.0215,-1.5041,0.3019,1.534
5.285189,-0.2473,-0.9247,0.2347,0.986
5.293198,-0.2723,-0.4896,-0.6074,0.826
5.303335,-0.6664,-0.3913,-0.9282,1.208
5.312700,-0.6949,-0.3046,-0.9542,1.219
5.363920,-1.0659,-0.2300,-0.9825,1.468
5.365001,-1.1114,-0.1660,-0.9888,1.497
5.365531,-1.6213,-0.1269,-0.9847,1.901
5.365946,-2.0370,-0.0869,-0.9701,2.258
5.366324,-2.4667,-0.0733,-0.6485,2.552
5.373098,-3.0594,-0.0589,-0.5818,3.115
5.382204,-3.8952,-0.0713,0.0672,3.896
5.394165,-4.8095,-0.0689,0.0810,4.811
5.401762,-4.8224,-0.0703,0.4803,4.847
5.420770,-4.8196,-0.0313,0.5023,4.846
5.421761,-4.8139,0.3459,0.7703,4.887
5.433442,-4.7901,0.6492,1.0193,4.940
5.443009,-4.7495,1.2176,0.9697,4.998
5.451674,-3.4955,2.0119,1.2554,4.224
5.462837,-2.1726,2.9487,1.2105,3.857
5.472136,-0.8047,3.5059,1.1379,3.773
5.482203,0.2250,4.0222,1.0575,4.165
5.491973,0.2603,4.1636,0.9749,4.284
5.502472,0.2804,4.0255,0.8537,4.125
5.519067,0.2978,3.8665,0.5054,3.911
5.526325,0.3248,3.6865,0.4227,3.725
5.531992,0.3329,3.4859,0.0494,3.502
5.542649,0.3344,2.3211,-0.4736,2.392
5.552920,0.3154,1.2627,-0.5053,1.396
5.562757,0.3041,0.4026,-0.8095,0.954
5.572919,0.2890,-0.3032,-0.8177,0.919
5.582066,0.2715,-0.9479,-0.8324,1.290
5.592355,0.4988,-1.5489,-0.8232,1.824
5.602007,0.5386,-1.9609,-0.7963,2.184
5.620683,0.5696,-1.9786,-0.7678,2.197
5.621583,0.6042,-1.9747,-0.7315,2.191
5.632415,0.6413,-1.9476,-0.7058,2.169
5.642495,0.6674,-1.8883,-1.0257,2.250
5.653687,1.0093,-1.7454,-0.9788,2.241
5.662213,1.0642,-1.2394,-1.2165,2.037
5.672863,1.4317,-1.0810,-1.1443,2.128
5.683427,1.4707,-0.6243,-1.0741,1.925
5.692718,1.7116,-0.5005,-1.0044,2.047
5.703052,2.0044,-0.3994,-0.9332,2.247
5.713197,2.0493,-0.2821,-0.8591,2.240
5.736551,2.0779,-0.1897,-0.7406,2.214
5.737381,2.1039,-0.0946,-0.6182,2.195
5.742974,2.1140,-0.0368,-0.5062,2.174
5.752830,2.1222,0.0257,-0.4054,2.161
5.763192,2.1290,0.0770,-0.2909,2.150
5.772264,2.1213,0.1003,-0.2327,2.136
5.784133,2.1132,0.1509,-0.4766,2.172
5.792732,2.1049,0.5289,-0.3968,2.206
5.801619,2.1100,0.8276,-0.6055,2.346
5.819706,2.1009,0.8311,-0.8836,2.426
5.826600,2.0906,0.8137,-1.1608,2.526
5.832479,2.0786,0.7909,-1.0949,2.479
5.843767,2.0640,0.7640,-1.0245,2.428
5.852941,2.0464,0.7342,-0.9621,2.377
5.862257,2.0249,0.2415,-1.3003,2.419
5.872477,1.9845,-0.1932,-1.7498,2.653
5.882017,1.3115,-0.4859,-1.9958,2.437
5.893249,0.4833,-0.5271,-1.8647,1.997
5.901672,0.0065,-1.0646,-1.7449,2.044
5.920618,-0.0759,-1.0737,-1.6276,1.951
5.921345,-0.1563,-1.0678,-1.5178,1.862
5.932837,-0.2337,-1.0476,-1.4171,1.778
5.953452,-0.5257,-1.0168,-1.3260,1.752
5.954464,-0.5831,-0.5168,-1.2301,1.456
5.963334,-0.6513,0.5022,-1.5786,1.780
5.972339,-0.9622,1.6532,-1.5262,2.447
5.982879,-0.9996,2.6929,-1.8875,3.437
5.992518,-1.4694,2.6865,-1.5101,3.414
6.002709,-2.5708,2.6575,-0.5250,3.735
6.017273,-2.6031,2.6141,-0.1130,3.691
6.024794,-2.6134,2.5534,1.1530,3.831
6.031804,-2.6138,1.4014,1.1720,3.189
6.043153,-2.6040,0.8409,1.9052,3.334
6.054326,-0.2346,0.2534,1.8950,1.926
6.062423,-0.2193,0.1682,1.8786,1.899
6.072102,-0.1976,0.0805,1.8335,1.846
6.084034,-0.1667,-0.0066,1.7678,1.776
6.092831,-0.1303,-0.0827,1.6629,1.670
6.101855,-1.3948,0.1846,1.5317,2.080
6.121497,-1.3606,0.1549,0.6419,1.512
6.122260,-1.3123,0.1497,0.5129,1.417
6.132648,-1.2659,0.1515,0.3863,1.332
6.143472,-1.2240,0.1637,0.2832,1.267
6.152415,0.2018,0.1720,0.1932,0.328
6.163037,1.4150,0.1872,0.1104,1.432
6.171835,1.4372,0.1607,0.0956,1.449
6.181664,1.4549,-0.4927,0.3770,1.582
6.193470,1.4691,-0.9137,0.7356,1.880
6.202932,1.4941,-1.3314,1.0342,2.253
6.212532,1.8303,-1.6485,1.4629,2.865
6.236745,1.8237,-1.6190,1.4906,2.858
6.237766,1.8479,-1.5995,2.0053,3.161
6.243440,1.8642,-1.5466,2.0071,3.146
6.253335,2.1428,-1.4816,2.0019,3.285
6.263679,2.2049,-1.0858,1.9925,3.164
6.272226,2.2401,-0.9748,1.9665,3.136
6.283649,2.2907,-0.8729,1.9347,3.123
6.292258,2.3316,-0.7647,1.8766,3.089
6.302737,2.3765,-0.6522,1.7906,3.046
6.319803,2.3692,-0.5408,1.7065,2.969
6.324544,2.0627,-0.4747,1.6011,2.654
6.332733,2.0956,-0.4159,1.5065,2.614
6.342017,2.0857,-0.6234,1.4387,2.609
6.353381,1.6234,-0.5931,1.3887,2.217
6.363198,0.9265,-0.5695,1.3446,1.729
6.372831,0.6899,-0.8920,1.2927,1.715
6.383017,0.0159,-0.8767,1.2434,1.521
6.391721,-0.4542,-0.8861,1.1787,1.543
6.403101,-0.7749,-0.8636,1.1118,1.607
6.411870,-0.7564,-0.8538,1.0470,1.548
6.429869,-0.7533,-0.8456,0.6181,1.290
6.432078,-0.7383,-0.8364,0.5064,1.225
6.445019,-0.7254,-1.0969,0.0741,1.317
6.454303,-0.7149,-1.2997,-0.3910,1.534
6.463530,-0.7069,-1.6738,-0.4379,1.869
6.473023,-0.6879,-1.6073,-0.4891,1.815
6.474002,-0.6879,-1.6073,-0.4891,1.815
6.483801,-0.6708,-1.5397,-0.5601,1.770
6.493023,-0.6690,-1.4706,-0.6119,1.728
6.503362,-0.6693,-0.9379,-0.9960,1.523
6.512264,-1.2167,-0.3262,-1.0284,1.626
6.536578,-1.8211,-0.2639,-1.0345,2.111
6.537612,-2.4685,-0.2072,-1.0288,2.682
6.543981,-3.0083,-0.1566,-1.0150,3.179
6.553352,-3.5353,-0.1122,-0.9967,3.675
6.563418,-4.2793,-0.0494,-0.2314,4.286
6.572336,-4.2850,-0.0108,0.5770,4.324
6.584864,-4.2871,0.0305,0.9769,4.397
6.594837,-4.2860,0.0484,1.0100,4.404
6.603471,-4.2804,0.8284,1.4624,4.599
6.611587,-4.2698,1.9807,1.4205,4.917
6.629276,-3.5883,2.8554,1.3658,4.785
6.631360,-2.8507,3.5264,1.3039,4.718
6.641877,-2.2341,4.0713,1.2340,4.805
6.652014,-1.8886,3.9658,0.6246,4.437
6.661670,-1.6257,3.8418,0.1360,4.174
6.672667,-1.2149,3.7051,0.0564,3.900
6.682036,-0.6437,3.5491,-0.0196,3.607
6.691458,0.2091,3.3342,-0.0855,3.342
6.702545,1.1654,2.2768,-0.1387,2.561
6.711823,1.1627,1.3216,-0.1933,1.771
6.723188,1.1546,0.3835,-0.2331,1.239
6.731843,1.1427,-0.4977,-0.2461,1.270
6.742154,1.1290,-1.1217,-0.2611,1.613
6.752014,1.0745,-1.2392,-0.2657,1.662
6.762414,0.6811,-1.3234,-0.2881,1.516
6.772093,0.6715,-1.3744,-0.6697,1.670
6.781248,0.6651,-1.3938,-0.6372,1.671
6.792566,0.6618,-1.3844,-0.6004,1.648
6.801822,0.6612,-1.3489,-0.5603,1.603
6.811151,1.0305,-1.2878,-0.8290,1.846
6.826853,1.0744,-1.2058,-0.7957,1.800
6.832242,2.1125,-0.7046,-1.4964,2.683
6.846311,2.5635,-0.6108,-1.4451,3.005
6.853072,2.5899,-0.5225,-0.8168,2.765
6.867109,2.8313,-0.4432,-0.7540,2.963
6.872503,2.8244,-0.3733,-0.9413,3.000
6.882557,2.8135,-0.3127,-1.1155,3.043
6.894135,2.7989,-0.2614,-1.0193,2.990
6.902508,2.7811,-0.2181,-0.9157,2.936
6.919691,2.7602,-0.1681,-0.7916,2.876
6.922513,2.7362,-0.1245,-0.6752,2.821
6.932414,2.7233,-0.0859,-0.5557,2.781
6.942082,2.6944,-0.0251,-0.4479,2.732
6.953726,2.6509,0.2749,-0.6700,2.748
6.963433,2.6202,0.3097,-0.9914,2.819
6.972477,2.5739,0.9898,-1.2578,3.031
6.983101,2.0343,1.0204,-1.4935,2.722
6.992870,1.4372,1.0410,-1.3853,2.251
7.002917,1.3684,1.0378,-1.2890,2.147
7.020225,0.9980,1.0255,-1.2076,1.872
7.022033,0.9260,0.9919,-1.1160,1.757
7.032792,0.8532,0.8986,-1.2868,1.786
7.042586,0.7658,0.4082,-1.2157,1.494
7.053053,0.0519,0.0817,-1.3807,1.384
7.063126,-0.5531,0.0303,-1.2773,1.392
7.073130,-0.6115,-0.0155,-1.1944,1.342
7.082420,-0.6799,-0.0560,-1.1491,1.336
7.091603,-0.7577,-0.0887,-1.5367,1.716
7.103233,-1.1310,0.6748,-1.4841,1.984
7.111704,-1.4191,1.5214,-1.4266,2.523
7.136309,-1.4866,2.2968,-1.3765,3.063
7.137285,-1.2129,2.8053,-1.3443,3.339
7.143166,-1.2390,2.7995,-1.2878,3.321
7.153030,-1.2644,2.7699,-0.9230,3.182
7.162003,-1.2870,2.7290,0.3039,3.033
7.173279,-1.3060,2.6725,0.5781,3.030
7.183098,-1.3210,2.5447,0.9740,3.028
7.191580,-1.3327,2.0948,0.9767,2.668
7.203107,-1.3149,1.0140,1.5152,2.248
7.211944,-1.0482,0.1794,1.4990,1.838
7.222179,-1.0202,-0.5382,1.4833,1.879
7.232817,-0.9780,-1.1180,2.0142,2.503
7.242547,-0.9055,-1.1790,1.9208,2.429
7.253198,-0.4434,-1.2132,1.8191,2.231
7.263252,-0.3995,-1.2285,1.7146,2.147
7.272440,-0.3505,-1.2223,1.6056,2.048
7.283277,0.0268,-1.1552,0.9687,1.508
7.292570,0.0883,-0.7641,0.3398,0.841
7.302257,0.1602,-0.6868,-0.0734,0.709
7.320933,0.2152,-0.6094,-0.1476,0.663
7.321817,0.2665,-0.5110,-0.2112,0.614
7.333183,1.0212,-0.4269,-0.2652,1.138
7.342814,1.5248,-0.3495,-0.3088,1.595
7.352567,1.5854,-0.3499,0.0701,1.625
7.362932,1.6255,-1.1197,0.4368,2.022
7.372614,1.6751,-1.6338,1.1128,2.591
7.382791,1.6947,-1.6045,1.7818,2.936
7.394970,1.7260,-1.5622,1.8153,2.952
7.403081,1.7565,-1.5328,2.1502,3.172
7.412027,1.7906,-1.4845,2.1497,3.167
7.440632,1.8337,-1.4360,2.1279,3.155
7.441424,1.8720,-1.3596,2.0842,3.114
7.441750,1.9141,-1.2636,2.0283,3.062
7.453022,1.6720,-1.1660,1.9231,2.802
7.463309,1.6656,-1.0632,1.8025,2.675
7.472926,1.3902,-0.9677,1.6804,2.386
7.481641,1.4157,-0.8973,1.5479,2.282
7.493718,1.4396,-0.8438,1.4255,2.195
7.502939,1.1738,-1.0405,1.3207,2.051
7.512217,1.1767,-1.2007,1.2623,2.102
7.536544,0.8087,-1.4315,1.5902,2.287
7.537536,0.5330,-1.6897,1.2150,2.148
7.546836,0.2683,-1.6339,1.1440,2.013
7.553446,0.2737,-1.5636,1.0634,1.911
7.569538,0.2767,-1.4921,0.9867,1.810
7.586175,0.2639,-1.4190,0.9006,1.701
7.587291,-0.0235,-1.3438,0.8184,1.574
7.599124,-0.4357,-1.2125,0.4816,1.375
7.603770,-0.8227,-1.0941,0.4075,1.428
7.614867,-0.8169,-0.9764,-0.4369,1.346
7.622329,-0.8138,-0.8752,-1.2717,1.745
7.652474,-0.8134,-0.7791,-1.3182,1.734
7.653409,-0.8158,-0.6895,-1.3630,1.732
7.654108,-0.5071,-0.6211,-1.3953,1.609
7.662430,-0.5273,-0.8183,-1.4013,1.706
7.671535,-0.5366,-0.7486,-1.7584,1.985
7.682640,-0.5492,-0.7239,-2.0420,2.235
7.692457,-0.5651,-1.0151,-1.9813,2.297
7.701369,-0.5435,-0.9815,-1.9058,2.212
7.717348,-0.5247,-1.3036,-1.8191,2.299
7.726930,-0.5359,-1.2461,-1.7237,2.193
7.731420,-1.0251,-1.2033,-1.3547,2.082
7.742602,-1.5146,-1.1598,-1.2630,2.288
7.751525,-1.8249,-1.1144,0.8575,2.304
7.761898,-1.8590,0.8887,2.5656,3.291
7.771763,-1.9117,1.2881,2.6223,3.491
7.782961,-3.7198,1.3122,2.6163,4.733
7.792563,-4.7688,2.1058,2.5949,5.823
7.802870,-5.9985,2.9030,2.5308,7.128
7.815721,-5.9797,4.3495,2.4280,7.783
7.837982,-5.9401,5.6379,2.2898,8.504
7.839215,-5.8966,5.5053,1.8083,8.267
7.843855,-5.8525,5.3470,1.6266,8.092
7.853272,-5.4293,5.1674,1.4222,7.629
7.862524,-3.8935,4.9694,1.2105,6.428
7.873585,-1.4394,4.7366,0.7634,5.009
7.882163,1.6177,2.6504,0.6244,3.167
7.891785,3.7262,0.7231,0.5190,3.831
7.903599,3.7161,-0.7205,0.4339,3.810
7.913921,3.7137,-0.8974,0.3663,3.838
7.938589,3.7071,-1.0722,0.3150,3.872
7.939608,3.7117,-1.2216,0.2245,3.914
7.942111,1.5240,-1.3450,-0.2164,2.044
7.953146,-0.5662,-1.3853,-0.9381,1.766
7.963594,-0.5836,-0.6553,-0.9340,1.282
7.972799,-0.5711,-0.6259,-0.9408,1.266
7.982158,-0.5692,-0.5609,-0.9196,1.218
7.993775,-0.5656,-0.4724,-0.8932,1.158
8.002542,0.3648,-0.3868,-0.8683,1.018
8.021788,2.0165,-0.2984,-0.8286,2.200
8.022589,3.0128,-0.2447,-0.7710,3.120
8.035016,3.0129,-0.4314,-0.7067,3.125
8.043638,3.0111,-0.6396,-0.6354,3.143
8.052430,3.0077,-0.6090,-0.5580,3.119
8.063157,3.0029,-0.5702,-0.4898,3.096
8.072435,2.1391,-0.5492,-0.4214,2.248
8.081707,2.1329,-0.5192,-0.3557,2.224
8.092567,2.1257,-0.4940,-0.5745,2.257
8.101872,2.1174,-0.4424,-0.5172,2.224
8.121125,2.1083,0.0836,-0.4585,2.159
8.122397,2.0986,0.4563,-0.4290,2.190
8.133276,2.6195,0.7166,-0.7812,2.826
8.141949,3.1262,0.7824,-1.1202,3.412
8.152985,3.1005,1.1701,-1.5659,3.665
8.163193,3.0856,1.1767,-1.4982,3.626
8.176911,3.0667,1.1538,-1.4166,3.570
8.182560,3.0429,1.1155,-1.3337,3.505
8.193583,3.0008,1.0659,-1.2255,3.412
8.202967,2.9399,0.9809,-1.1187,3.295
8.218386,2.6426,0.5480,-0.9902,2.875
8.223243,2.5865,0.0028,-0.8719,2.730
8.231414,2.5274,-0.4844,-0.7658,2.685
8.243238,2.4521,-0.8948,-0.6585,2.692
8.253799,2.3618,-1.2543,-0.5397,2.728
8.261938,1.9722,-1.5522,-0.4279,2.546
8.272148,1.9126,-1.5764,-0.3280,2.500
8.282706,1.8591,-1.5705,-0.2420,2.446
8.292281,1.8113,-1.5368,-0.1678,2.381
8.302778,1.7408,-1.4833,-0.0905,2.289
8.317108,1.6743,-0.9876,0.0049,1.944
8.334696,1.6242,-0.6012,0.1062,1.735
8.335477,0.5006,0.5452,0.1839,0.763
8.342454,-0.5109,1.1069,0.2629,1.247
8.353213,-0.5371,1.2025,0.2724,1.345
8.361461,-0.5581,1.2612,0.2662,1.405
8.371320,-1.0650,1.2830,0.2604,1.688
8.381793,-1.8492,1.2829,-2.9783,3.733
8.392991,-3.1280,1.2656,-2.9539,4.485
8.401802,-3.1428,0.4932,-2.9248,4.321
8.411289,-3.1588,-0.9002,-2.8928,4.377
8.425121,-3.1755,-1.2921,-2.8588,4.464
8.431254,-3.1854,-1.3099,0.2934,3.457
8.442327,-2.3573,-1.3215,1.8368,3.268
8.452292,-2.3533,-1.3233,1.8276,3.260
8.462745,-2.3438,-1.3123,1.8081,3.238
8.471477,-2.3302,-0.3934,1.7806,2.959
8.481322,-2.3147,1.3712,1.7485,3.209
8.493672,-2.5423,5.3487,1.6966,6.160
8.502020,-2.5094,5.3227,1.3711,6.042
8.513010,-2.4710,5.2728,1.2714,5.960
8.530168,-2.4285,5.1963,1.1527,5.850
8.531180,-2.3840,5.0866,1.0148,5.709
8.541173,-0.1195,2.6007,0.9027,2.756
8.552706,1.1845,-0.2987,1.4367,1.886
8.561738,1.1994,-1.2846,1.3188,2.197
8.571319,1.2208,-1.4070,1.2010,2.216
8.583183,1.2343,-1.5325,1.0970,2.253
8.592680,1.2549,-1.6571,1.0059,2.309
8.603072,0.9176,-1.7665,0.2888,2.011
8.612253,0.9068,-0.9233,-0.2431,1.317
8.634178,0.9109,-0.0131,-0.2782,0.953
8.634797,0.9167,0.0028,-0.2976,0.964
8.642472,0.9239,0.0327,-0.3036,0.973
8.653052,1.7632,0.0950,-0.2927,1.790
8.662790,1.7715,0.1599,0.3453,1.812
8.672506,1.7787,-0.8136,1.1743,2.281
8.682677,1.7856,-2.4003,1.7167,3.449
8.692678,1.7933,-3.0565,1.7260,3.942
8.703036,1.5302,-2.9847,1.7306,3.774
8.711708,1.4874,-2.9062,1.7284,3.694
8.736144,0.9573,-2.8211,1.7151,3.438
8.737174,0.5131,-2.7242,1.2530,3.042
8.742097,0.5350,-1.7822,0.4952,1.926
8.752667,0.5575,-1.0460,-0.0760,1.188
8.763107,0.5792,-0.8857,-0.1033,1.063
8.773463,0.5993,-0.7047,-0.1852,0.943
8.782394,0.6575,-0.3164,-0.2513,0.772
8.792668,0.6988,-0.1789,-0.3142,0.787
8.802900,0.7369,-0.0586,-0.3734,0.828
8.811560,0.7564,0.0396,-0.4061,0.859
8.830454,0.7711,0.1253,-0.4228,0.888
8.832654,0.7818,0.2135,-0.4245,0.915
8.841852,0.3539,0.2958,-0.4016,0.612
8.852532,-0.0358,0.3472,-1.1437,1.196
8.862729,-0.3054,0.3605,-1.0999,1.197
8.872522,-0.3587,0.3663,-1.0503,1.169
8.882972,-0.3994,0.3659,-0.9981,1.136
8.892388,-0.4268,0.3612,-0.9453,1.098
8.902964,-0.8220,-0.3103,-0.8938,1.253
8.912097,-1.2429,-1.7930,0.1178,2.185
8.936895,-1.2530,-3.2441,0.1674,3.482
8.937945,-1.2737,-3.2018,0.1921,3.451
8.942337,-1.3196,-3.1295,0.2344,3.404
8.952502,-1.5820,-3.0459,0.5554,3.477
8.963042,-1.6256,-2.9546,0.8968,3.490
8.972937,-1.6677,-1.1686,0.8884,2.222
8.981810,-3.8580,1.8902,1.4367,4.530
8.993201,-3.8588,3.8719,1.7196,5.731
9.002377,-3.8372,4.2561,2.7644,6.362
9.011606,-3.8095,4.2607,2.6573,6.303
9.035252,-3.7769,4.2388,2.5314,6.216
9.036373,-2.3273,4.1817,1.2737,4.952
9.041845,0.9465,4.0816,0.8089,4.267
9.052644,3.0727,3.6281,0.0404,4.755
9.062276,3.0830,3.4224,-0.0653,4.607
9.072711,3.1000,2.7876,-0.1598,4.172
9.082390,3.1079,2.5422,-0.2411,4.022
9.093038,3.1058,1.9670,-0.3098,3.689
9.102569,1.2430,0.2109,0.0170,1.261
9.111774,-1.2639,-1.5362,0.0012,1.989
9.135550,-1.3059,-2.7390,0.0144,3.034
9.136642,-1.3456,-2.8121,0.0344,3.118
9.142085,-1.3816,-2.8482,0.0721,3.166
9.152294,-1.3978,-2.8358,0.1133,3.164
9.162652,-1.4083,-2.7794,-0.4307,3.145
9.171835,-0.1472,-2.3439,-0.8542,2.499
9.182651,0.7740,-1.2641,-1.2352,1.929
9.191891,1.7622,-0.1940,-1.6158,2.399
9.202110,2.8037,-0.0449,-1.8995,3.387
9.219283,2.8077,0.0934,-1.8927,3.387
9.225771,2.8078,0.2394,-2.1753,3.560
9.231572,2.7980,0.3580,-2.1186,3.528
9.242866,2.7786,0.4486,-2.0286,3.469
9.252347,2.1526,0.2027,-1.9186,2.891
9.261523,1.5217,0.2393,-1.7866,2.359
9.271720,1.4705,0.2586,-1.6154,2.200
9.282867,1.4237,0.2560,-1.4231,2.029
9.291771,1.3725,0.2394,-1.2024,1.840
9.302168,1.3199,0.2454,-1.0035,1.676
9.318839,1.5258,0.5202,-0.8147,1.806
9.325342,1.4744,0.5339,-0.6394,1.693
9.331475,1.4252,0.5326,-0.4916,1.599
9.342221,1.4053,0.5310,-0.9411,1.773
9.352809,1.3727,0.5165,-1.6156,2.182
9.361434,1.3414,0.5169,-1.5211,2.093
9.371832,1.3115,0.2194,-1.4336,1.955
9.382136,1.2688,-0.2389,-1.3643,1.878
9.392885,0.7360,-0.8027,-1.2844,1.684
9.402018,-0.0277,-1.4589,-1.2219,1.903
9.419468,-0.7489,-1.4675,-1.1504,2.009
9.428063,-1.2629,-1.4583,-1.0982,2.220
9.431469,-1.3100,-1.4262,-1.0389,2.198
9.444514,-1.3403,-1.3773,-0.9993,2.166
9.452098,-1.3683,-0.3601,-0.9521,1.705
9.461519,-1.4213,0.7763,-1.2380,2.038
9.472061,-1.4705,2.3804,-1.1927,3.042
9.482876,-1.5179,3.7305,-1.8343,4.426
9.483640,-1.5179,3.7305,-1.8343,4.426
9.492031,-2.7197,3.7095,-1.8045,4.941
9.501969,-2.7334,3.6653,-1.7827,4.908
9.520428,-2.7458,3.5981,-1.7663,4.859
9.521831,-2.7573,2.9259,-1.3599,4.244
9.532387,-1.3371,1.8407,0.3352,2.300
9.541482,-0.2689,1.6973,1.9409,2.592
9.552474,-0.2851,1.0956,1.9370,2.244
9.562606,-0.2838,0.9539,1.9054,2.150
9.572215,-0.2815,0.8165,1.8681,2.058
9.582758,-0.2781,0.6853,1.8262,1.970
9.591879,-1.1417,0.5650,1.4476,1.928
9.601755,-1.1492,0.7204,1.3618,1.922
9.618390,-1.1308,0.6790,1.2283,1.802
9.624670,-1.1218,0.6535,1.1024,1.703
9.635823,-1.0965,0.6393,0.9581,1.590
9.644702,-1.0545,0.6212,0.8077,1.466
9.652526,-0.1286,0.5936,0.6584,0.896
9.661533,0.6553,0.5701,0.5342,1.020
9.672526,1.0784,0.5214,0.4236,1.271
9.683524,1.3454,0.0655,0.3402,1.389
9.692398,1.3756,-0.4295,0.6774,1.592
9.702462,1.4022,-0.9755,1.0246,1.992
9.712289,1.4392,-1.5303,1.4089,2.529
9.757713,1.4617,-1.5865,1.4046,2.574
9.758569,1.5018,-1.8412,1.4148,2.765
9.759089,1.5483,-1.8416,1.9522,3.098
9.759564,1.5992,-1.8265,1.9280,3.100
9.762379,1.6525,-1.8012,1.8883,3.089
9.773356,1.7083,-1.7795,1.8457,3.081
9.781528,1.7556,-2.1082,1.7964,3.279
9.792402,1.8100,-2.0308,1.7229,3.220
9.802526,1.8545,-1.9379,1.6408,3.144
9.811488,1.8987,-1.8361,1.5703,3.073
9.835298,1.9421,-1.7288,1.4834,2.994
9.836262,1.9425,-1.6207,1.4084,2.895
9.844637,1.6407,-1.5140,1.3324,2.600
9.852437,1.6498,-1.4246,1.6626,2.741
9.862762,1.3837,-1.7589,1.5847,2.742
9.871467,1.0604,-1.6178,1.8476,2.675
9.882711,0.5848,-1.5057,1.7696,2.396
9.892517,0.5702,-1.3826,1.6904,2.257
9.902850,0.5671,-1.2787,1.6094,2.132
9.911727,0.5620,-1.1682,1.1871,1.758
9.935855,0.5543,-1.0517,0.4943,1.288
9.936743,0.5304,-0.9157,0.1053,1.063
9.943401,0.5175,-0.8006,-0.2512,0.986
9.951383,0.5161,-0.6925,-0.3306,0.925
9.962635,0.4991,-0.6041,-0.4321,0.895
9.971729,0.4932,-0.5078,-0.5111,0.873
9.982605,0.1574,-0.4862,-0.5767,0.771
9.993983,-0.2773,-0.7288,-0.6381,1.008
10.002326,-0.8792,-0.6763,-0.6805,1.301
10.021383,-1.2527,-0.6280,-0.7060,1.569
10.022063,-1.2611,-0.5841,-0.7043,1.558
10.032842,-1.2847,-0.5448,-0.6943,1.559
10.045537,-1.3359,0.0064,-0.6685,1.494
10.053254,-2.1484,0.0609,0.0870,2.151
10.062679,-3.3938,0.3650,0.5311,3.454
10.072323,-4.8514,0.3968,0.5581,4.900
10.082616,-4.8480,0.4347,0.7878,4.931
10.092534,-4.8415,0.4527,0.7731,4.924
10.102919,-4.8321,0.4927,1.1271,4.986
10.111601,-4.8206,0.8381,1.0902,5.013
10.137373,-4.8070,1.7844,1.0453,5.233
10.138282,-3.6609,3.0531,0.9936,4.869
10.142143,-2.6626,4.1707,0.9346,5.036
10.152444,-1.9224,4.6492,0.8579,5.104
10.162967,-1.3333,4.5225,0.1283,4.717
10.172709,-0.7477,4.3829,-0.5782,4.484
10.181763,-0.0710,4.2234,-0.6178,4.269
10.192617,0.5052,4.0434,-0.6570,4.127
10.202452,0.5037,2.4389,-0.6824,2.582
10.212098,0.4969,0.6460,-0.7091,1.080
10.238283,0.4863,-0.7148,0.1430,0.876
10.239100,0.4728,-1.2455,0.1709,1.343
10.242057,0.4440,-1.3904,0.2057,1.474
10.252586,0.4021,-1.5072,0.2445,1.579
10.262754,0.3627,-1.5905,0.2722,1.654
10.273065,0.3415,-1.6305,0.2898,1.691
10.281400,0.3108,-1.0083,-0.3027,1.098
10.292644,0.2958,-0.3021,-0.8001,0.905
10.302052,0.2831,0.2729,-1.2292,1.291
10.311931,0.6676,0.3251,-1.1930,1.405
10.345190,1.2574,0.3901,-1.1694,1.761
10.345989,1.8054,0.4520,-1.1447,2.185
10.346535,1.8061,0.5015,-1.1426,2.195
10.351848,1.8033,0.4963,-1.1430,2.192
10.362428,1.7960,-0.0010,-1.1139,2.113
10.371570,1.7843,-0.2806,-1.0693,2.099
10.382479,1.5109,-0.5679,-1.0153,1.907
10.395708,1.4923,-0.5748,-1.5197,2.206
10.402241,1.4700,-0.5851,-1.4268,2.130
10.412257,1.4450,-0.5955,-1.3137,2.042
10.421840,1.4184,-0.6041,-1.2127,1.961
10.431581,2.1532,-0.5975,-1.1112,2.496
10.442989,3.0362,-0.2485,-1.0089,3.209
10.452503,3.6592,-0.2482,-0.9325,3.784
10.461553,3.6270,-0.2404,-0.8405,3.731
10.472632,3.5933,-0.2260,-0.7464,3.677
10.482627,3.5575,-0.1946,-0.6364,3.619
10.492226,3.5192,-0.1619,-0.5377,3.564
10.503135,3.4368,-0.1176,-0.4358,3.466
10.512447,3.3649,-0.0909,-0.3452,3.384
10.555364,3.2625,-0.0685,-0.2531,3.273
10.556386,2.9259,0.4126,-0.1469,2.958
10.556917,2.8590,0.7801,-0.0274,2.964
10.557385,2.7900,0.7740,-0.5632,2.950
10.561453,2.7189,0.7568,-0.8705,2.953
10.571660,2.6325,0.7260,-0.7872,2.842
10.581551,2.5170,0.6826,-0.7077,2.702
10.592830,2.1001,0.2638,-0.6175,2.205
10.602325,2.0353,0.1688,-0.5422,2.113
10.611864,1.9550,-0.2511,-0.4540,2.023
10.635932,1.8740,-0.3260,-0.3675,1.937
10.636886,1.7809,-0.6254,-0.2997,1.911
10.643663,1.4451,-0.6448,-0.5513,1.676
10.653431,0.9086,-0.6826,-0.4827,1.235
10.662223,0.5111,-0.6936,-1.1535,1.440
10.671996,-0.4387,-0.6879,-1.0968,1.367
10.682532,-2.0724,-0.6075,-1.4897,2.624
10.694832,-3.1228,0.6595,-1.4652,3.512
10.708088,-3.1840,0.6867,-1.6862,3.668
10.712244,-3.9354,0.7248,-2.6915,4.823
10.735578,-5.1597,0.9909,-3.4994,6.313
10.736716,-5.1694,1.0335,-3.7537,6.472
10.742527,-5.1772,1.0575,-3.7262,6.466
10.752483,-5.1833,1.0485,-3.7160,6.463
10.762438,-5.1877,1.0483,-3.7231,6.471
10.791417,-4.4299,1.0027,-3.7166,5.869
10.792830,-3.6302,0.7085,-3.0724,4.808
10.793442,-2.4884,0.9717,-1.6271,3.128
10.802496,-1.4555,0.9595,-0.4277,1.795
10.811955,-0.2603,0.9440,0.7181,1.214
10.821591,-0.2606,0.9190,1.8162,2.052
10.832056,-0.2545,1.2250,2.1398,2.479
10.847681,-0.2437,2.1596,2.1264,3.041
10.853244,-0.2285,3.1032,2.0875,3.747
10.862870,-1.1480,3.9011,2.0333,4.547
10.871975,-2.5777,3.8064,1.9594,4.997
10.881604,-2.5441,3.6776,1.8520,4.840
10.892847,-2.5042,3.5301,1.7361,4.663
10.902659,-2.4610,3.3520,1.5999,4.456
10.912595,-2.4174,2.5561,1.4371,3.800
10.935790,-1.3836,1.5670,1.2896,2.456
10.936801,-0.3405,0.4518,1.1448,1.277
10.942928,0.0707,-0.5290,1.0485,1.177
10.952718,0.0966,-1.2090,1.3285,1.799
10.962294,0.1207,-1.6415,1.6699,2.345
10.972505,0.1475,-2.0207,1.5549,2.554
10.982880,0.1892,-2.0291,1.4462,2.499
10.993042,-0.2272,-2.0178,1.3483,2.437
11.002986,-0.5860,-1.9816,1.2597,2.420
11.011683,-0.5347,-1.9223,0.6649,2.103
11.036730,-0.4823,-1.3626,0.2870,1.474
11.037583,-0.4312,-0.7339,0.2193,0.879
11.042638,-0.3821,-0.6008,0.1451,0.727
11.053028,-0.3230,-0.4811,0.0759,0.584
11.064032,-0.2687,-0.3686,0.0238,0.457
11.072924,-0.1924,-0.2673,-0.0254,0.330
11.082831,0.2463,-0.1784,-0.0714,0.312
11.091696,0.6803,-0.4134,0.2682,0.840
11.103135,1.1778,-0.8063,0.2868,1.456
11.111695,1.1947,-1.1913,0.6796,1.819
11.132876,1.2079,-1.5680,0.6699,2.090
11.133714,1.2327,-1.9488,0.6904,2.407
11.144605,1.2432,-2.3586,0.7246,2.763
11.152962,1.2831,-2.3023,0.9796,2.812
11.161840,1.3132,-2.2270,0.9879,2.768
11.171918,1.3449,-2.1437,0.9804,2.714
11.181861,1.3766,-2.0567,0.9720,2.659
11.193735,1.4250,-1.9414,0.9864,2.602
11.203021,1.8180,-1.4130,1.2789,2.634
11.211502,2.0890,-1.2588,1.2678,2.749
11.237062,2.1546,-1.1013,1.2418,2.720
11.237902,2.2189,-0.9592,1.2132,2.705
11.242118,2.2682,-0.8368,1.2087,2.703
11.252388,2.3028,-0.7104,1.5129,2.845
11.263077,2.3502,-0.6231,1.4849,2.849
11.272527,2.0565,-0.5475,1.4526,2.577
11.281688,1.6263,-0.7271,1.4161,2.276
11.292474,1.2504,-0.6562,1.3618,1.962
11.302242,0.8882,-0.8650,1.3170,1.809
11.311400,0.8664,-1.2301,1.2419,1.951
11.331642,0.8572,-1.1914,1.1808,1.884
11.332463,0.8469,-1.6739,1.0935,2.171
11.344241,0.8495,-1.6137,0.5575,1.907
11.359336,0.8504,-1.5431,0.0663,1.763
11.362239,0.8492,-1.4671,0.0025,1.695
11.372027,0.8456,-1.3880,-0.0690,1.627
11.381286,0.8529,-1.2638,-0.1465,1.532
11.392006,0.8436,-1.1334,-0.2161,1.429
11.401440,0.8449,-1.0128,-0.8217,1.554
11.411902,0.8293,-0.8772,-0.8187,1.459
11.427991,0.3060,-0.7571,-0.8161,1.155
11.431511,-0.2620,-0.6290,-0.7991,1.050
11.442803,-0.8879,-0.5218,-0.7692,1.285
11.451540,-1.7739,-0.4378,-0.1068,1.830
11.462900,-2.9298,-0.3660,1.0106,3.121
11.471977,-4.3090,-0.3103,1.8666,4.706
11.482185,-4.9051,-0.2658,1.8547,5.251
11.492392,-4.8962,-0.2309,2.0667,5.320
11.502984,-4.8826,-0.1768,2.0293,5.290
11.513435,-4.8645,1.1284,1.9767,5.371
11.537637,-4.8413,2.8993,1.9081,5.957
11.538622,-3.4655,4.5031,1.7731,5.952
11.543962,-2.4004,5.8804,1.3320,6.490
11.553509,-1.7579,5.7553,0.1981,6.021
11.561762,-1.7030,5.6025,0.0884,5.856
11.571918,-1.3932,5.4247,-0.0144,5.601
11.581755,-1.3481,5.2237,-0.1031,5.396
11.592833,-0.6023,3.7139,-0.1732,3.766
11.602786,0.4633,1.3700,0.2743,1.472
11.612229,0.4606,-0.7071,0.8666,1.210
11.639774,0.4533,-1.7762,0.8392,2.016
11.640717,0.4427,-1.9546,0.8047,2.160
11.643065,0.4315,-2.1022,0.7761,2.282
11.652557,0.3954,-2.2060,0.7512,2.364
11.662717,0.3780,-2.2553,0.1871,2.294
11.671934,0.3658,-1.7123,-0.5095,1.824
11.681766,0.3711,-1.3047,-1.2229,1.826
11.693265,0.3650,-0.8882,-1.9070,2.135
11.702633,0.7545,-0.2681,-1.8962,2.058
11.713643,1.2516,0.1280,-1.8777,2.260
11.738187,1.7607,0.2508,-1.8845,2.591
11.738981,2.1704,0.3463,-1.8626,2.881
11.741787,2.4914,0.4174,-1.7922,3.097
11.752850,2.4780,0.4587,-1.6888,3.034
11.761913,2.4608,0.0223,-1.5755,2.922
11.771876,2.4403,0.0392,-1.4564,2.842
11.781479,2.4153,0.0415,-1.3130,2.749
11.792812,2.3851,0.0294,-1.1725,2.658
11.802845,2.3520,0.0107,-1.0454,2.574
11.811649,2.3164,0.2466,-1.3152,2.675
11.837915,2.2784,0.2348,-1.4912,2.733
11.838936,2.2655,0.2089,-1.3831,2.663
11.841385,2.5773,0.2112,-1.5485,3.014
11.852733,2.5193,0.4326,-1.4157,2.922
11.861424,2.4731,0.4105,-1.2850,2.817
11.872138,2.4251,0.4173,-1.1425,2.713
11.881902,2.4025,0.4112,-1.0154,2.640
11.892415,2.3780,0.4051,-0.8898,2.571
11.903102,2.3382,0.4113,-0.7527,2.491
11.912439,2.2967,0.4012,-0.6183,2.412
11.937394,2.2403,0.3870,-0.4873,2.325
11.938206,2.1972,0.3549,-0.3754,2.257
11.941659,2.1547,0.3326,-0.2842,2.199
11.952421,2.1399,0.2804,-0.4170,2.198
11.962481,2.3440,0.2266,-0.3383,2.379
11.972143,2.2906,-0.1247,-0.2791,2.311
11.981495,2.2247,-0.4441,-0.5101,2.325
11.993129,2.1461,-0.8663,-0.4582,2.359
12.001988,2.0545,-1.2019,-0.3954,2.413
12.011780,1.7188,-1.2339,-0.3497,2.145
12.039517,1.3989,-1.2550,-0.3072,1.904
12.040487,0.7411,-1.2584,-0.6352,1.593
12.041463,0.3456,-1.2272,-0.5984,1.408
12.052035,0.3076,-1.1780,-0.5656,1.342
12.061382,-0.1090,-1.1295,-0.8362,1.410
12.072280,-1.4756,-0.5161,-1.1676,1.951
12.081857,-2.9696,0.6005,-1.1609,3.244
12.093264,-3.8015,1.3200,-1.3751,4.253
12.102243,-3.8099,1.3971,-1.8744,4.470
12.111626,-3.8269,1.9038,-1.8533,4.659
12.138498,-3.8399,2.1988,-1.8549,4.798
12.139440,-3.8365,2.1767,-1.8633,4.788
12.142867,-3.8314,2.1398,-1.8765,4.773
12.152837,-3.0208,2.0894,-1.1732,3.856
12.162915,-1.9789,2.0340,-0.9204,2.983
12.175560,-0.7329,2.0136,-0.3012,2.164
12.181856,-0.7259,1.9679,0.8453,2.261
12.192722,-0.7169,1.9056,1.0579,2.294
12.201580,-0.7076,1.8349,1.0481,2.228
12.211745,-0.6981,1.7464,1.2528,2.260
12.238948,-1.3672,2.0185,1.2039,2.719
12.239899,-2.4281,2.5057,1.1593,3.677
12.241706,-2.4112,2.6536,1.1090,3.753
12.252665,-2.3919,2.5412,1.0367,3.641
12.262655,-2.3666,2.4190,1.3820,3.655
12.272476,-2.3389,2.2948,1.3082,3.528
12.281932,-2.0640,2.1763,1.5680,3.384
12.292364,-0.9424,1.6689,1.4528,2.405
12.302961,0.1098,1.1131,1.2826,1.702
12.311772,0.1382,0.4962,1.1288,1.241
12.338478,0.1643,0.1055,0.9791,0.998
12.339327,0.1878,0.0093,0.8488,0.869
12.341487,0.2088,-0.3646,0.7390,0.850
12.352287,0.1869,-0.7688,0.6783,1.042
12.362061,0.1663,-1.2175,0.6019,1.368
12.371960,0.1629,-1.5838,0.5225,1.676
12.382234,0.1461,-1.6213,0.4535,1.690
12.392411,-0.0898,-1.6494,0.3937,1.698
12.402465,-0.0518,-1.6447,0.3445,1.681
12.411981,-0.0111,-1.6158,0.3199,1.647
12.439963,0.0318,-1.5562,0.3012,1.585
12.440848,0.0761,-1.4708,0.2998,1.503
12.443208,0.1070,-1.3778,0.2873,1.412
12.452654,0.1510,-1.2795,0.2767,1.318
12.462703,0.1801,-1.1791,0.3085,1.232
12.472626,0.2211,-1.0797,0.5591,1.236
12.481736,0.2607,-1.5665,0.5511,1.681
12.492888,0.2855,-1.9439,0.5705,2.046
12.493491,0.2855,-1.9439,0.5705,2.046
12.502892,1.1127,-1.8446,1.0394,2.392
12.511702,1.5030,-1.7462,1.0582,2.535
12.540464,1.7840,-1.6493,1.3056,2.758
12.541152,1.8473,-1.5543,1.3034,2.744
12.541553,1.9110,-1.4483,1.3098,2.732
12.552405,2.2068,-1.3571,1.3111,2.904
12.561759,2.2305,-1.2660,1.3085,2.879
12.573376,2.2542,-1.1758,1.2888,2.850
12.581996,2.2782,-1.0859,1.7556,3.074
12.592727,2.3027,-1.3055,1.7150,3.154
12.603283,2.3275,-1.7120,1.6846,3.345
12.611631,2.3120,-2.0199,1.9218,3.622
12.640841,1.9573,-1.9181,2.3279,3.596
12.641670,1.7407,-1.8132,2.2743,3.390
12.642095,1.7162,-1.7041,2.1838,3.259
12.652817,1.2702,-1.5907,2.0981,2.923
12.662598,1.0421,-1.4460,2.0049,2.683
12.671925,1.0561,-1.2851,0.4841,1.732
12.681477,0.8210,-1.1381,0.0859,1.406
12.692977,0.5141,-1.0076,0.0199,1.131
12.702925,0.1076,-0.8652,-0.0510,0.873
12.711568,-0.2214,-0.7551,-0.1120,0.795
12.740004,-0.2538,-0.6963,-0.1782,0.762
12.740805,-0.5747,-0.8946,-0.1959,1.081
12.741756,-0.5847,-0.8176,0.2180,1.029
12.752933,-0.6368,-0.7505,0.6098,1.158
12.762581,-0.6757,-0.6922,0.8813,1.309
12.772614,-1.2461,-0.6417,0.8690,1.649
12.781444,-2.2389,-0.2856,0.8864,2.425
12.792267,-3.8434,-0.2371,0.9002,3.955
12.802774,-5.0076,0.2341,0.8974,5.093
12.812215,-4.9975,0.2733,0.8832,5.082
12.839163,-4.9848,0.3180,1.2389,5.146
12.840127,-4.9691,0.6671,1.8804,5.355
12.842055,-4.9509,1.6960,1.7887,5.531
12.852562,-3.4595,2.8944,1.6897,4.817
12.862612,-2.0219,3.7442,1.5889,4.542
12.872240,-1.0194,4.4956,1.4878,4.844
12.881752,-0.5773,4.3761,0.1447,4.416
12.892812,-0.5474,4.2355,-1.0037,4.387
12.902964,-0.5216,4.0780,-1.0462,4.242
12.911698,-0.1736,3.9002,-1.0850,4.052
12.940598,0.3733,3.6521,-1.1073,3.834
12.941327,0.3561,1.9274,-1.1153,2.255
12.941671,0.3471,0.4372,-0.7702,0.951
12.952619,0.3336,-0.6070,-0.1274,0.704
12.962625,0.3173,-1.5344,-0.1013,1.570
12.972257,-0.1349,-2.2510,-0.0696,2.256
12.981515,-0.1630,-2.3437,-0.0331,2.350
12.993002,-0.1732,-2.3820,0.0121,2.388
13.003054,-0.1780,-2.3749,0.0275,2.382
13.011904,-0.1642,-2.3311,-0.3046,2.357
13.039820,0.5471,-1.5941,-0.5174,1.763
13.040746,1.4640,-0.9587,-0.9205,1.977
13.041819,2.3266,-0.3298,-1.3331,2.702
13.052489,3.0924,0.1285,-1.2794,3.349
13.062122,3.6787,0.2406,-1.2495,3.893
13.075363,3.6750,0.3405,-1.1920,3.878
13.081549,3.6650,0.4180,-1.1109,3.852
13.092739,3.6497,0.4679,-0.9729,3.806
13.102924,3.6311,0.4570,-0.8402,3.755
13.111526,3.2684,0.1708,-0.6993,3.347
13.140128,3.2407,0.1628,-0.5565,3.292
13.140894,3.2067,0.1322,-0.3979,3.234
13.141449,3.1695,0.0933,-0.2921,3.184
13.152406,3.1308,0.0526,-0.1907,3.137
13.162746,3.0781,0.0522,-0.0831,3.080
13.172097,3.0260,0.3797,-0.2847,3.063
13.181525,2.9886,0.3957,-0.4140,3.043
13.193282,2.9384,0.7257,-0.3468,3.046
13.202148,2.4118,0.7152,-0.5303,2.571
13.212386,1.6672,0.6908,-0.4453,1.859
13.240737,1.2355,0.6659,-0.3498,1.446
13.241587,1.1734,0.6385,-0.6037,1.466
13.242124,1.0982,0.6075,-0.8898,1.538
13.252050,0.7493,0.5465,-1.2036,1.520
13.261957,0.4389,0.4842,-1.5690,1.700
13.271566,0.0317,0.1380,-1.4835,1.490
13.281731,-0.6216,0.0821,-1.6839,1.797
13.291757,-0.6747,0.0196,-1.6014,1.738
13.302863,-0.7125,-0.0224,-1.7955,1.932
13.311324,-0.7493,-0.0422,-2.0733,2.205
13.322085,-1.4383,-0.0662,-1.9998,2.464
13.332145,-1.5000,0.5665,-1.9425,2.519
13.352848,-1.9966,1.6458,-1.8755,3.196
13.353588,-2.0304,2.2944,-1.8115,3.559
13.361506,-3.7508,2.5341,-1.7842,4.866
13.371593,-3.7782,2.5070,-1.7681,4.867
13.382008,-3.8017,2.4619,-1.7207,4.845
13.395422,-3.8217,2.3975,-1.3966,4.723
13.402637,-3.8373,2.1077,-0.7298,4.438
13.413643,-2.5696,2.0316,-0.7108,3.352
13.440603,-0.8091,0.9186,2.0941,2.426
13.441609,0.4998,0.1364,2.4892,2.543
13.442055,0.5110,-0.5131,2.4541,2.559
13.452499,0.5288,-0.5853,2.3923,2.519
13.461973,0.5521,-0.6466,2.3217,2.473
13.472751,0.5847,-0.6917,2.2368,2.413
13.482677,-0.0036,-0.7210,1.8173,1.955
13.492244,-1.0220,-0.7198,1.3361,1.830
13.502409,-0.9758,-0.7051,0.7986,1.445
13.511791,-0.9299,-0.6378,0.0596,1.129
13.521624,-0.8855,-0.2346,-0.0343,0.917
13.531977,-0.8424,-0.2052,-0.1246,0.876
13.550702,-0.7765,-0.1703,-0.2041,0.821
13.552079,0.1561,-0.1331,-0.2722,0.341
13.562648,0.7983,-0.0986,-0.0457,0.806
13.571824,0.8644,-0.5437,-0.0568,1.023
13.581776,0.9248,-1.0983,0.1639,1.445
13.593258,0.9791,-1.4336,0.6465,1.852
13.604347,1.2331,-1.4257,0.9381,2.106
13.612263,1.2400,-1.4149,0.9909,2.126
13.621613,1.2472,-1.4023,1.4109,2.348
13.631621,1.2425,-1.6794,1.4350,2.534
13.648271,1.2306,-1.9112,1.9516,2.996
13.651450,1.2241,-1.8176,1.9386,2.926
13.662501,1.2065,-1.7463,1.9316,2.870
13.671730,1.2052,-1.6554,1.9159,2.804
13.681740,0.9092,-1.5525,1.8860,2.606
13.693121,0.9448,-1.4790,1.8267,2.533
13.702588,0.9679,-1.4043,1.7571,2.449
13.711744,0.9780,-1.3167,1.6920,2.356
13.721829,1.0008,-1.2308,1.5939,2.249
13.732022,0.5997,-1.4588,1.5336,2.200
13.750286,0.6187,-1.7937,1.7715,2.596
13.752222,0.6490,-2.0578,1.6275,2.703
13.762223,0.6760,-1.9397,1.4994,2.543
13.772042,0.6996,-1.8218,1.3746,2.387
13.793421,0.7198,-1.7046,1.2538,2.235
13.794509,0.7637,-1.5882,0.7981,1.935
13.802578,0.8040,-1.4448,0.6758,1.786
13.811411,0.8544,-1.3019,0.5738,1.660
13.825345,0.8744,-1.1598,0.4647,1.525
13.831677,1.3818,-1.0050,0.3620,1.747
13.850044,1.3692,-0.5539,0.0470,1.478
13.852669,1.3680,-0.4494,-0.0165,1.440
13.862716,1.3651,-0.3545,-0.0849,1.413
13.871982,1.3740,-0.2713,-0.4140,1.460
13.881737,0.9585,-0.1995,-1.2024,1.551
13.893087,0.4314,-0.1647,-1.1942,1.280
13.902243,-0.0986,-0.7910,-1.1658,1.412
13.911473,-0.1133,-1.3957,-1.1222,1.795
13.925794,-0.1704,-1.3513,-1.0685,1.731
13.931551,-0.4599,-1.3101,-0.4798,1.469
13.957599,-0.5047,-1.2683,-0.4094,1.425
13.958500,-0.5499,-1.2219,-0.3569,1.387
13.961921,-2.0244,-0.0860,-0.3113,2.050
13.972029,-3.6574,1.3850,-0.2758,3.921
13.981488,-5.2693,1.9598,0.4390,5.639
13.992757,-5.2806,1.9558,0.7828,5.685
14.002848,-5.2715,1.9219,0.7673,5.663
14.011805,-5.2573,1.8748,0.7369,5.630
14.021854,-5.2387,1.8263,0.6949,5.591
14.031524,-5.2573,1.7339,0.6571,5.575
14.050557,-5.2734,1.3166,0.8413,5.500
14.052090,-4.4449,0.5809,0.7761,4.549
14.062756,-4.4210,0.4440,0.9944,4.553
14.071704,-3.6216,0.3201,0.9512,3.758
14.082284,-2.9880,0.2021,0.9359,3.138
14.092325,-2.9693,0.0921,0.8932,3.102
14.102500,-2.3805,0.0055,1.2035,2.667
14.114858,-0.3902,-0.0525,1.1272,1.194
14.124872,1.2032,0.2583,1.0495,1.617
14.131729,2.2637,0.5505,0.9753,2.526
14.150454,2.2603,0.8893,0.9040,2.592
14.151945,2.2688,1.3521,-0.2603,2.654
14.162234,2.2889,1.9580,-1.2019,3.243
14.171949,2.2936,1.9251,-1.7131,3.450
14.181511,1.7650,1.8659,-1.7102,3.086
14.193948,0.9891,1.7938,-1.6851,2.652
14.202425,0.2385,1.7138,-1.6449,2.387
14.212485,0.2076,1.3024,-1.5916,2.067
14.224809,0.1874,0.9250,-1.0451,1.408
14.233125,0.1650,0.4393,-0.9144,1.028
14.251358,0.1539,-0.2188,-0.8045,0.848
14.251987,0.1270,-0.7463,-0.2532,0.798
14.263538,0.7927,-0.8417,-0.1463,1.165
14.274494,1.3757,-0.9273,-0.0675,1.660
14.282014,1.6462,-0.9857,-0.2429,1.934
14.294699,1.6193,-1.0211,-0.1867,1.923
14.301769,1.6222,-1.0226,-0.1292,1.922
14.312105,1.6135,-0.9954,-0.0949,1.898
14.325043,1.6066,-0.5675,-0.0679,1.705
14.332066,1.6147,-0.4770,-0.0749,1.685
14.350393,1.6234,0.0434,-0.0856,1.626
14.351406,1.6324,0.4397,-0.3043,1.718
14.363083,1.6548,0.8956,-0.2655,1.900
14.371983,1.9216,0.9443,-0.2650,2.157
14.381928,2.3095,0.9643,-0.2591,2.516
14.393089,2.6007,0.9705,-0.2342,2.786
14.403013,2.6187,0.9533,-0.2202,2.795
14.412451,2.6497,0.9388,-0.1774,2.817
14.422446,3.0338,0.5531,-0.1449,3.087
14.432116,3.4842,0.4768,-0.0935,3.518
14.459691,3.5105,0.3885,-0.0377,3.532
14.461018,3.5214,0.2928,0.0077,3.534
14.462077,3.5305,0.1952,0.0701,3.537
14.473428,3.5243,0.0999,0.1221,3.528
14.481801,3.5162,0.0102,-0.0806,3.517
14.492392,3.4925,-0.0732,-0.0474,3.494
14.501949,3.1402,-0.1505,-0.4596,3.177
14.512242,3.0585,-0.8494,-0.4051,3.200
14.521849,2.7711,-0.8861,-0.3341,2.928
14.531478,2.4967,-0.9208,-0.2878,2.677
14.551281,2.4398,-1.4514,-0.4839,2.880
14.552031,2.1239,-1.4548,-0.4188,2.608
14.561446,2.0802,-1.4238,-0.3521,2.545
14.575504,1.5731,-1.3899,-0.2996,2.120
14.581618,1.5295,-1.3304,-0.2363,2.041
14.594723,0.9280,-1.2630,-0.1645,1.576
14.603506,0.8864,-0.4052,-0.1137,0.981
14.612014,0.8738,-0.2855,-0.0573,0.921
14.623368,0.8507,0.5627,-0.0254,1.020
14.640770,0.4501,1.3168,0.0083,1.392
14.642451,0.4065,1.7658,-0.3068,1.838
14.653310,0.1437,2.0909,-1.2329,2.432
14.662594,0.1287,2.0989,0.3404,2.130
14.672551,0.1032,2.0702,0.3668,2.105
14.681897,-2.4763,2.0286,0.3767,3.223
14.693470,-4.8834,1.9526,0.3502,5.271
14.703397,-5.3941,1.8668,-0.9257,5.783
14.712257,-5.3995,1.7869,-0.9416,5.765
14.729771,-5.3888,2.1666,-0.3542,5.819
14.732017,-5.3756,2.8116,0.1136,6.068
14.761868,-5.3586,2.7071,0.8265,6.060
14.762738,-3.9218,2.5782,1.5271,4.936
14.763254,-1.1238,2.1588,1.4508,2.833
14.777700,1.9988,1.0667,1.3781,2.652
14.782641,2.3750,0.9854,2.8416,3.832
14.796268,2.3892,0.8927,3.3043,4.174
14.802232,2.4181,-0.1990,3.2029,4.018
14.811677,2.4474,-1.0898,3.1120,4.106
14.822249,2.4804,-1.4930,3.0082,4.175
14.832080,1.9458,-1.5304,2.8751,3.794
14.862781,1.3063,-1.5772,2.7014,3.390
14.863920,0.5490,-1.5828,2.5169,3.023
14.864651,-0.1795,-1.5592,1.8011,2.389
14.872933,-0.4484,-1.1977,0.3542,1.327
14.882521,-0.4104,-0.4258,-1.1838,1.323
14.895513,-0.3776,0.4567,-1.3443,1.469
14.903299,-0.3530,0.9848,-1.4718,1.806
14.914290,-0.3390,1.0343,-1.5358,1.882
14.922667,0.3212,1.0690,-1.5581,1.917
14.931774,1.1403,1.0910,-1.5657,2.223
14.961610,1.1222,1.0959,-1.5387,2.197
14.962366,1.1098,-0.0033,-1.4671,1.840
14.962673,1.0933,-1.0758,-1.3507,2.044
14.972994,1.0740,-1.8456,-0.5822,2.213
14.982326,0.7939,-2.2722,0.0026,2.407
14.991824,0.7725,-2.2616,0.0942,2.392
15.003406,0.7537,-2.2556,0.1762,2.385
15.011666,0.7405,-2.2196,0.2494,2.353
15.026336,0.7341,-2.1478,0.3113,2.291
15.033158,0.7312,-2.0325,0.3500,2.188
15.062412,0.7441,-1.8916,0.3674,2.066
15.063164,0.7463,-1.4333,0.3896,1.662
15.063530,0.7515,-1.2976,0.3862,1.548
15.073043,0.7573,-1.1406,0.1305,1.375
15.082963,0.7766,-0.9596,0.1387,1.242
15.092805,0.7821,-0.7895,0.1119,1.117
15.101620,0.7729,-0.4033,0.0945,0.877
15.112442,0.7761,-0.2768,0.0623,0.826
15.122532,0.7646,-0.1755,0.0441,0.786
15.131697,0.7656,-0.0848,0.0405,0.771
15.163443,0.7250,-0.0090,0.0239,0.725
15.164431,0.3575,0.0350,0.0210,0.360
15.164970,0.3306,0.0616,-0.0092,0.336
15.175024,0.3030,0.0361,-0.2675,0.406
15.181621,0.2873,-0.3481,-0.3015,0.543
15.196722,0.2696,-0.3665,-0.6963,0.832
15.202376,0.2503,-0.3859,-0.6628,0.807
15.212241,0.2841,-0.4058,-0.6382,0.808
15.225956,0.8342,-0.4119,-0.6093,1.112
15.232505,0.8247,-0.4321,-0.5766,1.095
15.263796,0.8147,-0.4381,-0.1345,0.935
15.264722,0.8055,-0.7127,0.5495,1.208
15.265072,0.7972,-0.9525,0.5757,1.369
15.275279,-0.1774,-1.3172,0.5978,1.457
15.281768,-1.1379,-1.8438,0.6159,2.253
15.293427,-1.1444,-1.7831,0.6290,2.210
15.303289,-1.1502,-1.7119,0.1058,2.065
15.311447,-1.1824,-1.6338,0.1079,2.020
15.322883,-1.2135,-1.5517,0.1032,1.973
15.331630,-1.7193,-1.1425,0.0898,2.066
15.363017,-1.7184,-0.1127,0.0663,1.723
15.363786,-1.7140,0.2416,0.5628,1.820
15.364280,-3.3917,0.6393,1.6502,3.826
15.372918,-3.3749,0.9246,1.6323,3.861
15.373542,-3.3749,0.9246,1.6323,3.861
15.381616,-3.3541,1.2883,2.2302,4.229
15.392804,-3.3310,1.8529,2.1423,4.372
15.402302,-2.3666,1.8695,2.0519,3.648
15.412475,-1.2488,2.7693,1.9549,3.613
15.426408,-0.5070,3.5044,1.8467,3.994
15.431850,0.1528,4.0841,0.8158,4.168
15.459988,0.9464,4.5739,0.0127,4.671
15.461137,1.6133,4.3924,-0.1121,4.681
15.463866,2.0157,4.1882,-0.2133,4.653
15.474025,2.0159,3.9649,-0.2876,4.457
15.481474,2.0194,3.7238,-0.3386,4.250
15.492854,2.0263,2.5751,-0.3420,3.295
15.502381,2.0102,1.0083,0.1895,2.257
15.512589,1.6884,-0.5394,0.2138,1.785
15.522495,0.7101,-1.9246,0.2541,2.067
15.531761,-0.6094,-2.1295,0.2928,2.234
15.561867,-1.6523,-2.2663,0.3365,2.825
15.562733,-1.6633,-2.3313,0.3658,2.887
15.563107,-1.6644,-2.3324,0.3434,2.886
15.575945,-1.6568,-2.3021,0.3263,2.855
15.582220,-1.6440,-1.6111,-0.3326,2.326
15.593178,-1.5885,-1.0467,-1.0149,2.156
15.601637,-0.2122,-0.6351,-1.0130,1.214
15.612012,0.7820,-0.5145,-1.0088,1.376
15.625604,1.4204,-0.3799,-1.0044,1.781
15.632329,1.9472,-0.2545,-1.0248,2.215
15.660047,1.9526,-0.1443,-1.0522,2.223
15.661112,1.9539,-0.0630,-1.0687,2.228
15.663510,1.9472,0.0062,-1.0155,2.196
15.672135,1.9341,0.0398,-0.9403,2.151
15.682605,1.8771,0.0470,-0.8443,2.059
15.693724,1.8180,0.0447,-0.7582,1.970
15.701614,1.7696,-0.5099,-0.6651,1.958
15.711841,1.7046,-0.4964,-0.5235,1.851
15.722476,1.6388,-0.4960,-0.3834,1.755
15.732909,1.5868,-0.4957,-0.2618,1.683
15.761744,1.5359,-0.4959,-0.1614,1.622
15.762726,1.5004,-0.4942,-0.0563,1.581
15.763394,1.1403,-0.4469,0.0127,1.225
15.775633,0.8233,-0.1081,-0.1991,0.854
15.782389,0.7805,-0.0918,-0.4178,0.890
15.793050,0.7392,-0.0730,-0.4100,0.848
15.802288,0.6994,-0.0392,-0.7346,1.015
15.811401,0.6748,-0.0049,-0.7110,0.980
15.822021,0.6513,0.0407,-0.6779,0.941
15.832060,0.9951,0.0698,-0.6581,1.195
15.862699,0.9833,0.0964,-0.6208,1.167
15.863567,0.9694,0.1217,-0.5782,1.135
15.863987,0.9536,0.1450,-0.5037,1.088
15.873135,0.9370,0.1781,0.0623,0.956
15.881923,0.3625,0.2055,0.4754,0.632
15.894004,-0.0334,0.2139,0.5288,0.571
15.902293,-0.0592,0.2181,0.5613,0.605
15.912410,-0.0827,0.2196,0.6003,0.645
15.923048,-0.0904,0.2062,0.6059,0.646
15.931753,-0.1238,0.1921,0.2393,0.331
15.963148,-0.4271,0.1375,-0.1068,0.461
15.963817,-0.8500,-0.2965,-0.5559,1.058
15.964303,-1.4197,-0.7812,-0.5632,1.716
15.971809,-2.2179,-1.6396,-0.5777,2.818
15.982459,-2.2233,-1.8801,-0.5975,2.972
15.992147,-2.2136,-1.8416,-0.6193,2.945
16.003159,-2.2027,-1.7920,0.5822,2.899
16.012724,-2.1912,-1.7392,0.5555,2.852
16.023002,-2.2062,-1.6806,0.8394,2.898
16.031857,-2.2206,-0.4188,0.8208,2.404
16.063703,-2.2212,0.3116,0.7864,2.377
16.064423,-2.8071,1.6475,0.4220,3.282
16.064849,-2.7923,3.7450,0.3248,4.683
16.072272,-2.7743,3.7521,0.2301,4.672
16.082278,-2.7537,3.7207,0.1400,4.631
16.092665,-2.7335,3.6586,0.0485,4.567
16.103873,-1.8026,3.5704,-0.0418,4.000
16.113302,-0.2205,1.7552,-0.1152,1.773
16.122978,1.8624,0.3020,0.8518,2.070
16.131853,1.8989,0.1793,1.3449,2.334
16.162545,1.9316,0.0451,1.2969,2.327
16.163334,1.9480,-0.0848,1.2522,2.317
16.163702,1.9623,-0.2078,1.2103,2.315
16.172552,1.9754,-0.3097,1.1693,2.316
16.182277,-0.2177,0.2803,0.0833,0.365
16.192513,-0.8045,0.2033,-0.5333,0.986
16.201686,-0.8065,0.1387,-0.5578,0.990
16.213056,-0.8066,0.1049,-0.5748,0.996
16.222219,-0.8045,0.0999,-0.5853,1.000
16.232109,-0.8015,0.1062,-0.5938,1.003
16.262614,0.3327,-0.4678,-0.6018,0.832
16.263574,0.7856,-1.0919,-0.2798,1.374
16.264040,0.7878,-1.0995,-0.2784,1.381
16.273036,0.7881,-1.1035,-0.2544,1.380
16.282663,0.7868,-1.0911,-0.2227,1.363
16.293221,0.7834,-1.0899,-0.1964,1.357
16.303466,0.1526,-1.0579,-0.1516,1.080
16.311961,0.1484,-1.0352,-0.1064,1.051
16.326569,0.1451,-1.0064,-0.0631,1.019
16.331677,0.1431,-0.9563,-0.0221,0.967
16.365250,0.1423,-0.9111,0.0025,0.922
16.365966,0.1426,-0.8442,0.0380,0.857
16.366425,0.1569,-0.7731,0.0719,0.792
16.372537,0.1572,-0.7036,0.1041,0.728
16.382324,0.1714,-0.6519,0.1191,0.684
16.393181,0.1726,-0.5914,0.1428,0.632
16.403262,0.1744,-0.5358,0.1484,0.583
16.414495,0.1766,-0.4851,0.1505,0.538
16.427296,0.1790,-0.4389,0.1505,0.497
16.431755,0.1815,-0.3969,0.1350,0.457
16.455415,0.1568,-0.3724,0.1316,0.425
16.456076,0.1457,-0.3513,0.1273,0.401
16.461766,0.1345,-0.6324,0.1225,0.658
16.472320,0.1232,-0.6150,0.1177,0.638
16.482363,0.1254,-0.5979,0.0995,0.619
16.492919,0.1138,-0.5800,0.0952,0.599
16.502320,0.1156,-0.5611,0.0913,0.580
16.512957,0.1035,-0.5275,0.0741,0.543
16.522435,0.1186,-0.4931,0.0299,0.508
16.531962,0.1334,-0.4583,-0.0003,0.477
16.560897,0.1344,-0.3965,-0.0303,0.420
16.561592,0.1487,-0.3354,-0.0597,0.372
16.562280,0.1490,-0.2752,-0.0881,0.325
16.572319,0.1488,-0.2164,-0.1286,0.292
16.582531,0.1343,-0.1605,-0.1535,0.260
16.594893,0.1191,-0.1215,-0.1627,0.235
16.603664,0.1034,-0.0721,-0.1699,0.212
16.612038,0.0872,-0.0390,-0.1618,0.188
16.626139,0.0706,-0.0217,-0.1659,0.182
16.632283,0.0537,0.0068,-0.1555,0.165
16.657891,0.0367,0.0183,-0.1582,0.163
16.658703,0.0333,0.0125,-0.1605,0.164
16.661340,0.0299,-0.0102,-0.1628,0.166
16.675884,0.0264,-0.3063,-0.1650,0.349
